(kicad_pcb (version 20171130) (host pcbnew "(5.1.4-0-10_14)")

  (general
    (thickness 1.6)
    (drawings 25)
    (tracks 52)
    (zones 0)
    (modules 96)
    (nets 170)
  )

  (page A4)
  (title_block
    (title "RC Test Circuit")
    (date 2019-11-18)
    (rev v1.0)
    (comment 4 "Author: Collin Heist")
  )

  (layers
    (0 F.Cu signal)
    (1 GND.Cu power)
    (2 PWR.Cu power)
    (31 B.Cu signal)
    (32 B.Adhes user)
    (33 F.Adhes user)
    (34 B.Paste user)
    (35 F.Paste user)
    (36 B.SilkS user)
    (37 F.SilkS user)
    (38 B.Mask user)
    (39 F.Mask user)
    (40 Dwgs.User user)
    (41 Cmts.User user)
    (42 Eco1.User user)
    (43 Eco2.User user)
    (44 Edge.Cuts user)
    (45 Margin user)
    (46 B.CrtYd user)
    (47 F.CrtYd user)
    (48 B.Fab user hide)
    (49 F.Fab user hide)
  )

  (setup
    (last_trace_width 0.254)
    (user_trace_width 0.254)
    (user_trace_width 0.635)
    (user_trace_width 1.27)
    (user_trace_width 1.905)
    (user_trace_width 2.54)
    (trace_clearance 0.127)
    (zone_clearance 0.508)
    (zone_45_only no)
    (trace_min 0.127)
    (via_size 0.4572)
    (via_drill 0.254)
    (via_min_size 0.4572)
    (via_min_drill 0.254)
    (uvia_size 0.254)
    (uvia_drill 0.1016)
    (uvias_allowed no)
    (uvia_min_size 0)
    (uvia_min_drill 0)
    (edge_width 0.05)
    (segment_width 0.2)
    (pcb_text_width 0.3)
    (pcb_text_size 1.5 1.5)
    (mod_edge_width 0.12)
    (mod_text_size 1 1)
    (mod_text_width 0.15)
    (pad_size 3.50012 3.50012)
    (pad_drill 1.50114)
    (pad_to_mask_clearance 0.051)
    (solder_mask_min_width 0.25)
    (aux_axis_origin 0 0)
    (grid_origin 25.4 25.4)
    (visible_elements FFFFFF7F)
    (pcbplotparams
      (layerselection 0x010eb_ffffffff)
      (usegerberextensions false)
      (usegerberattributes false)
      (usegerberadvancedattributes false)
      (creategerberjobfile false)
      (excludeedgelayer true)
      (linewidth 0.100000)
      (plotframeref false)
      (viasonmask false)
      (mode 1)
      (useauxorigin false)
      (hpglpennumber 1)
      (hpglpenspeed 20)
      (hpglpendiameter 15.000000)
      (psnegative false)
      (psa4output false)
      (plotreference true)
      (plotvalue true)
      (plotinvisibletext false)
      (padsonsilk false)
      (subtractmaskfromsilk false)
      (outputformat 1)
      (mirror false)
      (drillshape 0)
      (scaleselection 1)
      (outputdirectory "Outputs/Gerbers/"))
  )

  (net 0 "")
  (net 1 GND)
  (net 2 "Net-(C1-Pad1)")
  (net 3 "Net-(C2-Pad1)")
  (net 4 "Net-(C2-Pad2)")
  (net 5 "Net-(C3-Pad2)")
  (net 6 "Net-(C3-Pad1)")
  (net 7 "Net-(C4-Pad1)")
  (net 8 +5V)
  (net 9 SIM_VCC)
  (net 10 "Net-(C7-Pad1)")
  (net 11 "Net-(C8-Pad2)")
  (net 12 +8V)
  (net 13 +30V)
  (net 14 MODE_SW)
  (net 15 "Net-(C17-Pad2)")
  (net 16 "Net-(C19-Pad2)")
  (net 17 VDDCORE)
  (net 18 RST)
  (net 19 VBAT)
  (net 20 "Net-(C34-Pad1)")
  (net 21 "Net-(CR1-Pad2)")
  (net 22 "Net-(D2-Pad2)")
  (net 23 "Net-(D3-Pad2)")
  (net 24 "Net-(D4-Pad2)")
  (net 25 TX_LED)
  (net 26 RX_LED)
  (net 27 "Net-(D5-Pad2)")
  (net 28 "Net-(IC1-Pad5)")
  (net 29 TES-EN)
  (net 30 "Net-(IC2-Pad2)")
  (net 31 IR_BOOST)
  (net 32 "Net-(IC2-Pad4)")
  (net 33 "Net-(J1-Pad5)")
  (net 34 SIM_IO)
  (net 35 SIM_RESET)
  (net 36 SIM_CLOCK)
  (net 37 "Net-(J2-Pad1)")
  (net 38 "Net-(J2-Pad2)")
  (net 39 "Net-(J2-Pad3)")
  (net 40 "Net-(J2-Pad4)")
  (net 41 "Net-(J2-Pad7)")
  (net 42 "Net-(J2-Pad8)")
  (net 43 "Net-(J2-Pad9)")
  (net 44 "Net-(J2-Pad10)")
  (net 45 "Net-(J2-Pad13)")
  (net 46 "Net-(J2-Pad14)")
  (net 47 RX)
  (net 48 TX)
  (net 49 CTS)
  (net 50 DCD)
  (net 51 DSR)
  (net 52 RI)
  (net 53 RTS)
  (net 54 DTR)
  (net 55 IR_SIM_V)
  (net 56 IR_SIM_CLK)
  (net 57 IR_SIM_EN)
  (net 58 IR_SIM_RST)
  (net 59 IR_SIM_IO)
  (net 60 RF_EN)
  (net 61 3.3V_SENSE)
  (net 62 TX_ACTIVE)
  (net 63 PWR_EN)
  (net 64 BOOST_EN)
  (net 65 "Net-(J3-Pad4)")
  (net 66 USB_D+)
  (net 67 USB_D-)
  (net 68 "Net-(J3-Pad1)")
  (net 69 SWDIO)
  (net 70 SWCLK)
  (net 71 "Net-(J5-Pad6)")
  (net 72 "Net-(J5-Pad7)")
  (net 73 "Net-(J5-Pad8)")
  (net 74 "Net-(J5-Pad9)")
  (net 75 TES-TX)
  (net 76 TES-RX)
  (net 77 TES-GPS-FLAG)
  (net 78 "Net-(J10-Pad1)")
  (net 79 VSW)
  (net 80 "Net-(Q1-Pad4)")
  (net 81 "Net-(Q1-Pad1)")
  (net 82 "Net-(R5-Pad2)")
  (net 83 EN_IR_BUS)
  (net 84 SYS_LED)
  (net 85 I2_LED)
  (net 86 FLASH_CS)
  (net 87 "Net-(R17-Pad1)")
  (net 88 "Net-(R19-Pad1)")
  (net 89 8V_EN)
  (net 90 "Net-(R21-Pad2)")
  (net 91 8V_ISENSE)
  (net 92 "Net-(U1-Pad3)")
  (net 93 "Net-(U2-Pad1)")
  (net 94 IR_SIM_VCC)
  (net 95 "Net-(U2-Pad4)")
  (net 96 "Net-(U2-Pad6)")
  (net 97 "Net-(U2-Pad12)")
  (net 98 IR_SIM_RESET)
  (net 99 "Net-(U2-Pad16)")
  (net 100 IO-TX)
  (net 101 IO-RX)
  (net 102 IO-CTS)
  (net 103 IO-DSR)
  (net 104 IO-RTS)
  (net 105 IO-DCD)
  (net 106 IO-RI)
  (net 107 IO-DTR)
  (net 108 "Net-(U5-Pad2)")
  (net 109 "Net-(U5-Pad3)")
  (net 110 "Net-(U5-Pad4)")
  (net 111 "Net-(U5-Pad5)")
  (net 112 "Net-(U5-Pad6)")
  (net 113 "Net-(U5-Pad7)")
  (net 114 "Net-(U5-Pad8)")
  (net 115 "Net-(U5-Pad9)")
  (net 116 "Net-(U5-Pad10)")
  (net 117 "Net-(U5-Pad13)")
  (net 118 "Net-(U5-Pad14)")
  (net 119 5V_ISENSE)
  (net 120 "Net-(U5-Pad17)")
  (net 121 "Net-(U5-Pad18)")
  (net 122 "Net-(U5-Pad19)")
  (net 123 "Net-(U5-Pad20)")
  (net 124 "Net-(U5-Pad21)")
  (net 125 "Net-(U5-Pad22)")
  (net 126 "Net-(U5-Pad23)")
  (net 127 "Net-(U5-Pad25)")
  (net 128 FLASH_MOSI)
  (net 129 FLASH_SCK)
  (net 130 FLASH_MISO)
  (net 131 MISO)
  (net 132 MOSI)
  (net 133 SCK)
  (net 134 "Net-(U5-Pad36)")
  (net 135 "Net-(U5-Pad37)")
  (net 136 5V_EN)
  (net 137 3959_GOOD)
  (net 138 3959_EN)
  (net 139 "Net-(U5-Pad47)")
  (net 140 "Net-(U5-Pad53)")
  (net 141 EN_TES_BUS)
  (net 142 PWR_SW)
  (net 143 "Net-(U5-Pad60)")
  (net 144 "Net-(U5-Pad61)")
  (net 145 "Net-(U5-Pad64)")
  (net 146 "Net-(U5-Pad65)")
  (net 147 "Net-(U5-Pad67)")
  (net 148 "Net-(U5-Pad68)")
  (net 149 "Net-(U5-Pad69)")
  (net 150 SDA)
  (net 151 SCL)
  (net 152 "Net-(U5-Pad72)")
  (net 153 "Net-(U5-Pad73)")
  (net 154 SYS-TX)
  (net 155 SYS-RX)
  (net 156 "Net-(U5-Pad80)")
  (net 157 "Net-(U5-Pad81)")
  (net 158 "Net-(U5-Pad82)")
  (net 159 "Net-(U5-Pad83)")
  (net 160 "Net-(U5-Pad84)")
  (net 161 SWO)
  (net 162 "Net-(U5-Pad86)")
  (net 163 "Net-(U5-Pad95)")
  (net 164 "Net-(U5-Pad96)")
  (net 165 "Net-(U5-Pad97)")
  (net 166 "Net-(U5-Pad98)")
  (net 167 "Net-(U5-Pad99)")
  (net 168 SYS_SPARE)
  (net 169 TES-SPARE)

  (net_class Default "This is the default net class."
    (clearance 0.127)
    (trace_width 0.127)
    (via_dia 0.4572)
    (via_drill 0.254)
    (uvia_dia 0.254)
    (uvia_drill 0.1016)
    (add_net +30V)
    (add_net +5V)
    (add_net +8V)
    (add_net 3.3V_SENSE)
    (add_net 3959_EN)
    (add_net 3959_GOOD)
    (add_net 5V_EN)
    (add_net 5V_ISENSE)
    (add_net 8V_EN)
    (add_net 8V_ISENSE)
    (add_net BOOST_EN)
    (add_net CTS)
    (add_net DCD)
    (add_net DSR)
    (add_net DTR)
    (add_net EN_IR_BUS)
    (add_net EN_TES_BUS)
    (add_net FLASH_CS)
    (add_net FLASH_MISO)
    (add_net FLASH_MOSI)
    (add_net FLASH_SCK)
    (add_net GND)
    (add_net I2_LED)
    (add_net IO-CTS)
    (add_net IO-DCD)
    (add_net IO-DSR)
    (add_net IO-DTR)
    (add_net IO-RI)
    (add_net IO-RTS)
    (add_net IO-RX)
    (add_net IO-TX)
    (add_net IR_BOOST)
    (add_net IR_SIM_CLK)
    (add_net IR_SIM_EN)
    (add_net IR_SIM_IO)
    (add_net IR_SIM_RESET)
    (add_net IR_SIM_RST)
    (add_net IR_SIM_V)
    (add_net IR_SIM_VCC)
    (add_net MISO)
    (add_net MODE_SW)
    (add_net MOSI)
    (add_net "Net-(C1-Pad1)")
    (add_net "Net-(C17-Pad2)")
    (add_net "Net-(C19-Pad2)")
    (add_net "Net-(C2-Pad1)")
    (add_net "Net-(C2-Pad2)")
    (add_net "Net-(C3-Pad1)")
    (add_net "Net-(C3-Pad2)")
    (add_net "Net-(C34-Pad1)")
    (add_net "Net-(C4-Pad1)")
    (add_net "Net-(C7-Pad1)")
    (add_net "Net-(C8-Pad2)")
    (add_net "Net-(CR1-Pad2)")
    (add_net "Net-(D2-Pad2)")
    (add_net "Net-(D3-Pad2)")
    (add_net "Net-(D4-Pad2)")
    (add_net "Net-(D5-Pad2)")
    (add_net "Net-(IC1-Pad5)")
    (add_net "Net-(IC2-Pad2)")
    (add_net "Net-(IC2-Pad4)")
    (add_net "Net-(J1-Pad5)")
    (add_net "Net-(J10-Pad1)")
    (add_net "Net-(J2-Pad1)")
    (add_net "Net-(J2-Pad10)")
    (add_net "Net-(J2-Pad13)")
    (add_net "Net-(J2-Pad14)")
    (add_net "Net-(J2-Pad2)")
    (add_net "Net-(J2-Pad3)")
    (add_net "Net-(J2-Pad4)")
    (add_net "Net-(J2-Pad7)")
    (add_net "Net-(J2-Pad8)")
    (add_net "Net-(J2-Pad9)")
    (add_net "Net-(J3-Pad1)")
    (add_net "Net-(J3-Pad4)")
    (add_net "Net-(J5-Pad6)")
    (add_net "Net-(J5-Pad7)")
    (add_net "Net-(J5-Pad8)")
    (add_net "Net-(J5-Pad9)")
    (add_net "Net-(Q1-Pad1)")
    (add_net "Net-(Q1-Pad4)")
    (add_net "Net-(R17-Pad1)")
    (add_net "Net-(R19-Pad1)")
    (add_net "Net-(R21-Pad2)")
    (add_net "Net-(R5-Pad2)")
    (add_net "Net-(U1-Pad3)")
    (add_net "Net-(U2-Pad1)")
    (add_net "Net-(U2-Pad12)")
    (add_net "Net-(U2-Pad16)")
    (add_net "Net-(U2-Pad4)")
    (add_net "Net-(U2-Pad6)")
    (add_net "Net-(U5-Pad10)")
    (add_net "Net-(U5-Pad13)")
    (add_net "Net-(U5-Pad14)")
    (add_net "Net-(U5-Pad17)")
    (add_net "Net-(U5-Pad18)")
    (add_net "Net-(U5-Pad19)")
    (add_net "Net-(U5-Pad2)")
    (add_net "Net-(U5-Pad20)")
    (add_net "Net-(U5-Pad21)")
    (add_net "Net-(U5-Pad22)")
    (add_net "Net-(U5-Pad23)")
    (add_net "Net-(U5-Pad25)")
    (add_net "Net-(U5-Pad3)")
    (add_net "Net-(U5-Pad36)")
    (add_net "Net-(U5-Pad37)")
    (add_net "Net-(U5-Pad4)")
    (add_net "Net-(U5-Pad47)")
    (add_net "Net-(U5-Pad5)")
    (add_net "Net-(U5-Pad53)")
    (add_net "Net-(U5-Pad6)")
    (add_net "Net-(U5-Pad60)")
    (add_net "Net-(U5-Pad61)")
    (add_net "Net-(U5-Pad64)")
    (add_net "Net-(U5-Pad65)")
    (add_net "Net-(U5-Pad67)")
    (add_net "Net-(U5-Pad68)")
    (add_net "Net-(U5-Pad69)")
    (add_net "Net-(U5-Pad7)")
    (add_net "Net-(U5-Pad72)")
    (add_net "Net-(U5-Pad73)")
    (add_net "Net-(U5-Pad8)")
    (add_net "Net-(U5-Pad80)")
    (add_net "Net-(U5-Pad81)")
    (add_net "Net-(U5-Pad82)")
    (add_net "Net-(U5-Pad83)")
    (add_net "Net-(U5-Pad84)")
    (add_net "Net-(U5-Pad86)")
    (add_net "Net-(U5-Pad9)")
    (add_net "Net-(U5-Pad95)")
    (add_net "Net-(U5-Pad96)")
    (add_net "Net-(U5-Pad97)")
    (add_net "Net-(U5-Pad98)")
    (add_net "Net-(U5-Pad99)")
    (add_net PWR_EN)
    (add_net PWR_SW)
    (add_net RF_EN)
    (add_net RI)
    (add_net RST)
    (add_net RTS)
    (add_net RX)
    (add_net RX_LED)
    (add_net SCK)
    (add_net SCL)
    (add_net SDA)
    (add_net SIM_CLOCK)
    (add_net SIM_IO)
    (add_net SIM_RESET)
    (add_net SIM_VCC)
    (add_net SWCLK)
    (add_net SWDIO)
    (add_net SWO)
    (add_net SYS-RX)
    (add_net SYS-TX)
    (add_net SYS_LED)
    (add_net SYS_SPARE)
    (add_net TES-EN)
    (add_net TES-GPS-FLAG)
    (add_net TES-RX)
    (add_net TES-SPARE)
    (add_net TES-TX)
    (add_net TX)
    (add_net TX_ACTIVE)
    (add_net TX_LED)
    (add_net USB_D+)
    (add_net USB_D-)
    (add_net VBAT)
    (add_net VDDCORE)
    (add_net VSW)
  )

  (module Capacitor_SMD:C_0603_1608Metric (layer F.Cu) (tedit 5B301BBE) (tstamp 5EB32FAC)
    (at 173.600801 50.667001)
    (descr "Capacitor SMD 0603 (1608 Metric), square (rectangular) end terminal, IPC_7351 nominal, (Body size source: http://www.tortai-tech.com/upload/download/2011102023233369053.pdf), generated with kicad-footprint-generator")
    (tags capacitor)
    (path /5E4D0D8F/5EA862CE)
    (attr smd)
    (fp_text reference C1 (at 0 -1.43) (layer F.SilkS)
      (effects (font (size 1 1) (thickness 0.15)))
    )
    (fp_text value 33nF (at 0 1.43) (layer F.Fab)
      (effects (font (size 1 1) (thickness 0.15)))
    )
    (fp_text user %R (at 0 0) (layer F.Fab)
      (effects (font (size 0.4 0.4) (thickness 0.06)))
    )
    (fp_line (start 1.48 0.73) (end -1.48 0.73) (layer F.CrtYd) (width 0.05))
    (fp_line (start 1.48 -0.73) (end 1.48 0.73) (layer F.CrtYd) (width 0.05))
    (fp_line (start -1.48 -0.73) (end 1.48 -0.73) (layer F.CrtYd) (width 0.05))
    (fp_line (start -1.48 0.73) (end -1.48 -0.73) (layer F.CrtYd) (width 0.05))
    (fp_line (start -0.162779 0.51) (end 0.162779 0.51) (layer F.SilkS) (width 0.12))
    (fp_line (start -0.162779 -0.51) (end 0.162779 -0.51) (layer F.SilkS) (width 0.12))
    (fp_line (start 0.8 0.4) (end -0.8 0.4) (layer F.Fab) (width 0.1))
    (fp_line (start 0.8 -0.4) (end 0.8 0.4) (layer F.Fab) (width 0.1))
    (fp_line (start -0.8 -0.4) (end 0.8 -0.4) (layer F.Fab) (width 0.1))
    (fp_line (start -0.8 0.4) (end -0.8 -0.4) (layer F.Fab) (width 0.1))
    (pad 2 smd roundrect (at 0.7875 0) (size 0.875 0.95) (layers F.Cu F.Paste F.Mask) (roundrect_rratio 0.25)
      (net 1 GND))
    (pad 1 smd roundrect (at -0.7875 0) (size 0.875 0.95) (layers F.Cu F.Paste F.Mask) (roundrect_rratio 0.25)
      (net 2 "Net-(C1-Pad1)"))
    (model ${KISYS3DMOD}/Capacitor_SMD.3dshapes/C_0603_1608Metric.wrl
      (at (xyz 0 0 0))
      (scale (xyz 1 1 1))
      (rotate (xyz 0 0 0))
    )
  )

  (module Capacitor_SMD:C_0603_1608Metric (layer F.Cu) (tedit 5B301BBE) (tstamp 5EB32FBD)
    (at 177.610801 53.177001)
    (descr "Capacitor SMD 0603 (1608 Metric), square (rectangular) end terminal, IPC_7351 nominal, (Body size source: http://www.tortai-tech.com/upload/download/2011102023233369053.pdf), generated with kicad-footprint-generator")
    (tags capacitor)
    (path /5E4D0D8F/5EA803DA)
    (attr smd)
    (fp_text reference C2 (at 0 -1.43) (layer F.SilkS)
      (effects (font (size 1 1) (thickness 0.15)))
    )
    (fp_text value 100pF (at 0 1.43) (layer F.Fab)
      (effects (font (size 1 1) (thickness 0.15)))
    )
    (fp_line (start -0.8 0.4) (end -0.8 -0.4) (layer F.Fab) (width 0.1))
    (fp_line (start -0.8 -0.4) (end 0.8 -0.4) (layer F.Fab) (width 0.1))
    (fp_line (start 0.8 -0.4) (end 0.8 0.4) (layer F.Fab) (width 0.1))
    (fp_line (start 0.8 0.4) (end -0.8 0.4) (layer F.Fab) (width 0.1))
    (fp_line (start -0.162779 -0.51) (end 0.162779 -0.51) (layer F.SilkS) (width 0.12))
    (fp_line (start -0.162779 0.51) (end 0.162779 0.51) (layer F.SilkS) (width 0.12))
    (fp_line (start -1.48 0.73) (end -1.48 -0.73) (layer F.CrtYd) (width 0.05))
    (fp_line (start -1.48 -0.73) (end 1.48 -0.73) (layer F.CrtYd) (width 0.05))
    (fp_line (start 1.48 -0.73) (end 1.48 0.73) (layer F.CrtYd) (width 0.05))
    (fp_line (start 1.48 0.73) (end -1.48 0.73) (layer F.CrtYd) (width 0.05))
    (fp_text user %R (at 0 0) (layer F.Fab)
      (effects (font (size 0.4 0.4) (thickness 0.06)))
    )
    (pad 1 smd roundrect (at -0.7875 0) (size 0.875 0.95) (layers F.Cu F.Paste F.Mask) (roundrect_rratio 0.25)
      (net 3 "Net-(C2-Pad1)"))
    (pad 2 smd roundrect (at 0.7875 0) (size 0.875 0.95) (layers F.Cu F.Paste F.Mask) (roundrect_rratio 0.25)
      (net 4 "Net-(C2-Pad2)"))
    (model ${KISYS3DMOD}/Capacitor_SMD.3dshapes/C_0603_1608Metric.wrl
      (at (xyz 0 0 0))
      (scale (xyz 1 1 1))
      (rotate (xyz 0 0 0))
    )
  )

  (module Capacitor_SMD:C_0603_1608Metric (layer F.Cu) (tedit 5B301BBE) (tstamp 5EB32FCE)
    (at 173.600801 55.687001)
    (descr "Capacitor SMD 0603 (1608 Metric), square (rectangular) end terminal, IPC_7351 nominal, (Body size source: http://www.tortai-tech.com/upload/download/2011102023233369053.pdf), generated with kicad-footprint-generator")
    (tags capacitor)
    (path /5E4D0D8F/5EA469D7)
    (attr smd)
    (fp_text reference C3 (at 0 -1.43) (layer F.SilkS)
      (effects (font (size 1 1) (thickness 0.15)))
    )
    (fp_text value 1.5nF (at 0 1.43) (layer F.Fab)
      (effects (font (size 1 1) (thickness 0.15)))
    )
    (fp_text user %R (at 0 0) (layer F.Fab)
      (effects (font (size 0.4 0.4) (thickness 0.06)))
    )
    (fp_line (start 1.48 0.73) (end -1.48 0.73) (layer F.CrtYd) (width 0.05))
    (fp_line (start 1.48 -0.73) (end 1.48 0.73) (layer F.CrtYd) (width 0.05))
    (fp_line (start -1.48 -0.73) (end 1.48 -0.73) (layer F.CrtYd) (width 0.05))
    (fp_line (start -1.48 0.73) (end -1.48 -0.73) (layer F.CrtYd) (width 0.05))
    (fp_line (start -0.162779 0.51) (end 0.162779 0.51) (layer F.SilkS) (width 0.12))
    (fp_line (start -0.162779 -0.51) (end 0.162779 -0.51) (layer F.SilkS) (width 0.12))
    (fp_line (start 0.8 0.4) (end -0.8 0.4) (layer F.Fab) (width 0.1))
    (fp_line (start 0.8 -0.4) (end 0.8 0.4) (layer F.Fab) (width 0.1))
    (fp_line (start -0.8 -0.4) (end 0.8 -0.4) (layer F.Fab) (width 0.1))
    (fp_line (start -0.8 0.4) (end -0.8 -0.4) (layer F.Fab) (width 0.1))
    (pad 2 smd roundrect (at 0.7875 0) (size 0.875 0.95) (layers F.Cu F.Paste F.Mask) (roundrect_rratio 0.25)
      (net 5 "Net-(C3-Pad2)"))
    (pad 1 smd roundrect (at -0.7875 0) (size 0.875 0.95) (layers F.Cu F.Paste F.Mask) (roundrect_rratio 0.25)
      (net 6 "Net-(C3-Pad1)"))
    (model ${KISYS3DMOD}/Capacitor_SMD.3dshapes/C_0603_1608Metric.wrl
      (at (xyz 0 0 0))
      (scale (xyz 1 1 1))
      (rotate (xyz 0 0 0))
    )
  )

  (module Capacitor_SMD:C_0603_1608Metric (layer F.Cu) (tedit 5B301BBE) (tstamp 5EB32FDF)
    (at 167.140801 62.197001)
    (descr "Capacitor SMD 0603 (1608 Metric), square (rectangular) end terminal, IPC_7351 nominal, (Body size source: http://www.tortai-tech.com/upload/download/2011102023233369053.pdf), generated with kicad-footprint-generator")
    (tags capacitor)
    (path /5E4D0D8F/5EA455EF)
    (attr smd)
    (fp_text reference C4 (at 0 -1.43) (layer F.SilkS)
      (effects (font (size 1 1) (thickness 0.15)))
    )
    (fp_text value 27nF (at 0 1.43) (layer F.Fab)
      (effects (font (size 1 1) (thickness 0.15)))
    )
    (fp_line (start -0.8 0.4) (end -0.8 -0.4) (layer F.Fab) (width 0.1))
    (fp_line (start -0.8 -0.4) (end 0.8 -0.4) (layer F.Fab) (width 0.1))
    (fp_line (start 0.8 -0.4) (end 0.8 0.4) (layer F.Fab) (width 0.1))
    (fp_line (start 0.8 0.4) (end -0.8 0.4) (layer F.Fab) (width 0.1))
    (fp_line (start -0.162779 -0.51) (end 0.162779 -0.51) (layer F.SilkS) (width 0.12))
    (fp_line (start -0.162779 0.51) (end 0.162779 0.51) (layer F.SilkS) (width 0.12))
    (fp_line (start -1.48 0.73) (end -1.48 -0.73) (layer F.CrtYd) (width 0.05))
    (fp_line (start -1.48 -0.73) (end 1.48 -0.73) (layer F.CrtYd) (width 0.05))
    (fp_line (start 1.48 -0.73) (end 1.48 0.73) (layer F.CrtYd) (width 0.05))
    (fp_line (start 1.48 0.73) (end -1.48 0.73) (layer F.CrtYd) (width 0.05))
    (fp_text user %R (at 0 0) (layer F.Fab)
      (effects (font (size 0.4 0.4) (thickness 0.06)))
    )
    (pad 1 smd roundrect (at -0.7875 0) (size 0.875 0.95) (layers F.Cu F.Paste F.Mask) (roundrect_rratio 0.25)
      (net 7 "Net-(C4-Pad1)"))
    (pad 2 smd roundrect (at 0.7875 0) (size 0.875 0.95) (layers F.Cu F.Paste F.Mask) (roundrect_rratio 0.25)
      (net 5 "Net-(C3-Pad2)"))
    (model ${KISYS3DMOD}/Capacitor_SMD.3dshapes/C_0603_1608Metric.wrl
      (at (xyz 0 0 0))
      (scale (xyz 1 1 1))
      (rotate (xyz 0 0 0))
    )
  )

  (module Capacitor_SMD:C_0603_1608Metric (layer F.Cu) (tedit 5B301BBE) (tstamp 5EB32FF0)
    (at 163.130801 64.707001)
    (descr "Capacitor SMD 0603 (1608 Metric), square (rectangular) end terminal, IPC_7351 nominal, (Body size source: http://www.tortai-tech.com/upload/download/2011102023233369053.pdf), generated with kicad-footprint-generator")
    (tags capacitor)
    (path /5E4D0D8F/5E4E7879)
    (attr smd)
    (fp_text reference C5 (at 0 -1.43) (layer F.SilkS)
      (effects (font (size 1 1) (thickness 0.15)))
    )
    (fp_text value 0.1u (at 0 1.43) (layer F.Fab)
      (effects (font (size 1 1) (thickness 0.15)))
    )
    (fp_line (start -0.8 0.4) (end -0.8 -0.4) (layer F.Fab) (width 0.1))
    (fp_line (start -0.8 -0.4) (end 0.8 -0.4) (layer F.Fab) (width 0.1))
    (fp_line (start 0.8 -0.4) (end 0.8 0.4) (layer F.Fab) (width 0.1))
    (fp_line (start 0.8 0.4) (end -0.8 0.4) (layer F.Fab) (width 0.1))
    (fp_line (start -0.162779 -0.51) (end 0.162779 -0.51) (layer F.SilkS) (width 0.12))
    (fp_line (start -0.162779 0.51) (end 0.162779 0.51) (layer F.SilkS) (width 0.12))
    (fp_line (start -1.48 0.73) (end -1.48 -0.73) (layer F.CrtYd) (width 0.05))
    (fp_line (start -1.48 -0.73) (end 1.48 -0.73) (layer F.CrtYd) (width 0.05))
    (fp_line (start 1.48 -0.73) (end 1.48 0.73) (layer F.CrtYd) (width 0.05))
    (fp_line (start 1.48 0.73) (end -1.48 0.73) (layer F.CrtYd) (width 0.05))
    (fp_text user %R (at 0 0) (layer F.Fab)
      (effects (font (size 0.4 0.4) (thickness 0.06)))
    )
    (pad 1 smd roundrect (at -0.7875 0) (size 0.875 0.95) (layers F.Cu F.Paste F.Mask) (roundrect_rratio 0.25)
      (net 8 +5V))
    (pad 2 smd roundrect (at 0.7875 0) (size 0.875 0.95) (layers F.Cu F.Paste F.Mask) (roundrect_rratio 0.25)
      (net 1 GND))
    (model ${KISYS3DMOD}/Capacitor_SMD.3dshapes/C_0603_1608Metric.wrl
      (at (xyz 0 0 0))
      (scale (xyz 1 1 1))
      (rotate (xyz 0 0 0))
    )
  )

  (module Capacitor_SMD:C_0603_1608Metric (layer F.Cu) (tedit 5B301BBE) (tstamp 5EB33001)
    (at 177.610801 50.667001)
    (descr "Capacitor SMD 0603 (1608 Metric), square (rectangular) end terminal, IPC_7351 nominal, (Body size source: http://www.tortai-tech.com/upload/download/2011102023233369053.pdf), generated with kicad-footprint-generator")
    (tags capacitor)
    (path /5E4D0D8F/5E4E7843)
    (attr smd)
    (fp_text reference C6 (at 0 -1.43) (layer F.SilkS)
      (effects (font (size 1 1) (thickness 0.15)))
    )
    (fp_text value 1uF (at 0 1.43) (layer F.Fab)
      (effects (font (size 1 1) (thickness 0.15)))
    )
    (fp_text user %R (at 0 0) (layer F.Fab)
      (effects (font (size 0.4 0.4) (thickness 0.06)))
    )
    (fp_line (start 1.48 0.73) (end -1.48 0.73) (layer F.CrtYd) (width 0.05))
    (fp_line (start 1.48 -0.73) (end 1.48 0.73) (layer F.CrtYd) (width 0.05))
    (fp_line (start -1.48 -0.73) (end 1.48 -0.73) (layer F.CrtYd) (width 0.05))
    (fp_line (start -1.48 0.73) (end -1.48 -0.73) (layer F.CrtYd) (width 0.05))
    (fp_line (start -0.162779 0.51) (end 0.162779 0.51) (layer F.SilkS) (width 0.12))
    (fp_line (start -0.162779 -0.51) (end 0.162779 -0.51) (layer F.SilkS) (width 0.12))
    (fp_line (start 0.8 0.4) (end -0.8 0.4) (layer F.Fab) (width 0.1))
    (fp_line (start 0.8 -0.4) (end 0.8 0.4) (layer F.Fab) (width 0.1))
    (fp_line (start -0.8 -0.4) (end 0.8 -0.4) (layer F.Fab) (width 0.1))
    (fp_line (start -0.8 0.4) (end -0.8 -0.4) (layer F.Fab) (width 0.1))
    (pad 2 smd roundrect (at 0.7875 0) (size 0.875 0.95) (layers F.Cu F.Paste F.Mask) (roundrect_rratio 0.25)
      (net 1 GND))
    (pad 1 smd roundrect (at -0.7875 0) (size 0.875 0.95) (layers F.Cu F.Paste F.Mask) (roundrect_rratio 0.25)
      (net 9 SIM_VCC))
    (model ${KISYS3DMOD}/Capacitor_SMD.3dshapes/C_0603_1608Metric.wrl
      (at (xyz 0 0 0))
      (scale (xyz 1 1 1))
      (rotate (xyz 0 0 0))
    )
  )

  (module Capacitor_SMD:C_0603_1608Metric (layer F.Cu) (tedit 5B301BBE) (tstamp 5EB33012)
    (at 163.130801 62.197001)
    (descr "Capacitor SMD 0603 (1608 Metric), square (rectangular) end terminal, IPC_7351 nominal, (Body size source: http://www.tortai-tech.com/upload/download/2011102023233369053.pdf), generated with kicad-footprint-generator")
    (tags capacitor)
    (path /5E4D0D8F/5EBB4621)
    (attr smd)
    (fp_text reference C7 (at 0 -1.43) (layer F.SilkS)
      (effects (font (size 1 1) (thickness 0.15)))
    )
    (fp_text value 150pF (at 0 1.43) (layer F.Fab)
      (effects (font (size 1 1) (thickness 0.15)))
    )
    (fp_line (start -0.8 0.4) (end -0.8 -0.4) (layer F.Fab) (width 0.1))
    (fp_line (start -0.8 -0.4) (end 0.8 -0.4) (layer F.Fab) (width 0.1))
    (fp_line (start 0.8 -0.4) (end 0.8 0.4) (layer F.Fab) (width 0.1))
    (fp_line (start 0.8 0.4) (end -0.8 0.4) (layer F.Fab) (width 0.1))
    (fp_line (start -0.162779 -0.51) (end 0.162779 -0.51) (layer F.SilkS) (width 0.12))
    (fp_line (start -0.162779 0.51) (end 0.162779 0.51) (layer F.SilkS) (width 0.12))
    (fp_line (start -1.48 0.73) (end -1.48 -0.73) (layer F.CrtYd) (width 0.05))
    (fp_line (start -1.48 -0.73) (end 1.48 -0.73) (layer F.CrtYd) (width 0.05))
    (fp_line (start 1.48 -0.73) (end 1.48 0.73) (layer F.CrtYd) (width 0.05))
    (fp_line (start 1.48 0.73) (end -1.48 0.73) (layer F.CrtYd) (width 0.05))
    (fp_text user %R (at 0 0) (layer F.Fab)
      (effects (font (size 0.4 0.4) (thickness 0.06)))
    )
    (pad 1 smd roundrect (at -0.7875 0) (size 0.875 0.95) (layers F.Cu F.Paste F.Mask) (roundrect_rratio 0.25)
      (net 10 "Net-(C7-Pad1)"))
    (pad 2 smd roundrect (at 0.7875 0) (size 0.875 0.95) (layers F.Cu F.Paste F.Mask) (roundrect_rratio 0.25)
      (net 1 GND))
    (model ${KISYS3DMOD}/Capacitor_SMD.3dshapes/C_0603_1608Metric.wrl
      (at (xyz 0 0 0))
      (scale (xyz 1 1 1))
      (rotate (xyz 0 0 0))
    )
  )

  (module Capacitor_SMD:C_0603_1608Metric (layer F.Cu) (tedit 5B301BBE) (tstamp 5EB33023)
    (at 163.130801 59.687001)
    (descr "Capacitor SMD 0603 (1608 Metric), square (rectangular) end terminal, IPC_7351 nominal, (Body size source: http://www.tortai-tech.com/upload/download/2011102023233369053.pdf), generated with kicad-footprint-generator")
    (tags capacitor)
    (path /5E4D0D8F/5EA01BCD)
    (attr smd)
    (fp_text reference C8 (at 0 -1.43) (layer F.SilkS)
      (effects (font (size 1 1) (thickness 0.15)))
    )
    (fp_text value 1uF (at 0 1.43) (layer F.Fab)
      (effects (font (size 1 1) (thickness 0.15)))
    )
    (fp_text user %R (at 0 0) (layer F.Fab)
      (effects (font (size 0.4 0.4) (thickness 0.06)))
    )
    (fp_line (start 1.48 0.73) (end -1.48 0.73) (layer F.CrtYd) (width 0.05))
    (fp_line (start 1.48 -0.73) (end 1.48 0.73) (layer F.CrtYd) (width 0.05))
    (fp_line (start -1.48 -0.73) (end 1.48 -0.73) (layer F.CrtYd) (width 0.05))
    (fp_line (start -1.48 0.73) (end -1.48 -0.73) (layer F.CrtYd) (width 0.05))
    (fp_line (start -0.162779 0.51) (end 0.162779 0.51) (layer F.SilkS) (width 0.12))
    (fp_line (start -0.162779 -0.51) (end 0.162779 -0.51) (layer F.SilkS) (width 0.12))
    (fp_line (start 0.8 0.4) (end -0.8 0.4) (layer F.Fab) (width 0.1))
    (fp_line (start 0.8 -0.4) (end 0.8 0.4) (layer F.Fab) (width 0.1))
    (fp_line (start -0.8 -0.4) (end 0.8 -0.4) (layer F.Fab) (width 0.1))
    (fp_line (start -0.8 0.4) (end -0.8 -0.4) (layer F.Fab) (width 0.1))
    (pad 2 smd roundrect (at 0.7875 0) (size 0.875 0.95) (layers F.Cu F.Paste F.Mask) (roundrect_rratio 0.25)
      (net 11 "Net-(C8-Pad2)"))
    (pad 1 smd roundrect (at -0.7875 0) (size 0.875 0.95) (layers F.Cu F.Paste F.Mask) (roundrect_rratio 0.25)
      (net 1 GND))
    (model ${KISYS3DMOD}/Capacitor_SMD.3dshapes/C_0603_1608Metric.wrl
      (at (xyz 0 0 0))
      (scale (xyz 1 1 1))
      (rotate (xyz 0 0 0))
    )
  )

  (module Capacitor_SMD:C_0603_1608Metric (layer F.Cu) (tedit 5B301BBE) (tstamp 5EB33034)
    (at 132.470801 70.297001)
    (descr "Capacitor SMD 0603 (1608 Metric), square (rectangular) end terminal, IPC_7351 nominal, (Body size source: http://www.tortai-tech.com/upload/download/2011102023233369053.pdf), generated with kicad-footprint-generator")
    (tags capacitor)
    (path /5E4D0D8F/5EA18317)
    (attr smd)
    (fp_text reference C9 (at 0 -1.43) (layer F.SilkS)
      (effects (font (size 1 1) (thickness 0.15)))
    )
    (fp_text value 10uF (at 0 1.43) (layer F.Fab)
      (effects (font (size 1 1) (thickness 0.15)))
    )
    (fp_text user %R (at 0 0) (layer F.Fab)
      (effects (font (size 0.4 0.4) (thickness 0.06)))
    )
    (fp_line (start 1.48 0.73) (end -1.48 0.73) (layer F.CrtYd) (width 0.05))
    (fp_line (start 1.48 -0.73) (end 1.48 0.73) (layer F.CrtYd) (width 0.05))
    (fp_line (start -1.48 -0.73) (end 1.48 -0.73) (layer F.CrtYd) (width 0.05))
    (fp_line (start -1.48 0.73) (end -1.48 -0.73) (layer F.CrtYd) (width 0.05))
    (fp_line (start -0.162779 0.51) (end 0.162779 0.51) (layer F.SilkS) (width 0.12))
    (fp_line (start -0.162779 -0.51) (end 0.162779 -0.51) (layer F.SilkS) (width 0.12))
    (fp_line (start 0.8 0.4) (end -0.8 0.4) (layer F.Fab) (width 0.1))
    (fp_line (start 0.8 -0.4) (end 0.8 0.4) (layer F.Fab) (width 0.1))
    (fp_line (start -0.8 -0.4) (end 0.8 -0.4) (layer F.Fab) (width 0.1))
    (fp_line (start -0.8 0.4) (end -0.8 -0.4) (layer F.Fab) (width 0.1))
    (pad 2 smd roundrect (at 0.7875 0) (size 0.875 0.95) (layers F.Cu F.Paste F.Mask) (roundrect_rratio 0.25)
      (net 1 GND))
    (pad 1 smd roundrect (at -0.7875 0) (size 0.875 0.95) (layers F.Cu F.Paste F.Mask) (roundrect_rratio 0.25)
      (net 12 +8V))
    (model ${KISYS3DMOD}/Capacitor_SMD.3dshapes/C_0603_1608Metric.wrl
      (at (xyz 0 0 0))
      (scale (xyz 1 1 1))
      (rotate (xyz 0 0 0))
    )
  )

  (module Capacitor_SMD:C_0603_1608Metric (layer F.Cu) (tedit 5B301BBE) (tstamp 5EB33045)
    (at 128.460801 70.297001)
    (descr "Capacitor SMD 0603 (1608 Metric), square (rectangular) end terminal, IPC_7351 nominal, (Body size source: http://www.tortai-tech.com/upload/download/2011102023233369053.pdf), generated with kicad-footprint-generator")
    (tags capacitor)
    (path /5E4D0D8F/5EA39D57)
    (attr smd)
    (fp_text reference C10 (at 0 -1.43) (layer F.SilkS)
      (effects (font (size 1 1) (thickness 0.15)))
    )
    (fp_text value 470nF (at 0 1.43) (layer F.Fab)
      (effects (font (size 1 1) (thickness 0.15)))
    )
    (fp_line (start -0.8 0.4) (end -0.8 -0.4) (layer F.Fab) (width 0.1))
    (fp_line (start -0.8 -0.4) (end 0.8 -0.4) (layer F.Fab) (width 0.1))
    (fp_line (start 0.8 -0.4) (end 0.8 0.4) (layer F.Fab) (width 0.1))
    (fp_line (start 0.8 0.4) (end -0.8 0.4) (layer F.Fab) (width 0.1))
    (fp_line (start -0.162779 -0.51) (end 0.162779 -0.51) (layer F.SilkS) (width 0.12))
    (fp_line (start -0.162779 0.51) (end 0.162779 0.51) (layer F.SilkS) (width 0.12))
    (fp_line (start -1.48 0.73) (end -1.48 -0.73) (layer F.CrtYd) (width 0.05))
    (fp_line (start -1.48 -0.73) (end 1.48 -0.73) (layer F.CrtYd) (width 0.05))
    (fp_line (start 1.48 -0.73) (end 1.48 0.73) (layer F.CrtYd) (width 0.05))
    (fp_line (start 1.48 0.73) (end -1.48 0.73) (layer F.CrtYd) (width 0.05))
    (fp_text user %R (at 0 0) (layer F.Fab)
      (effects (font (size 0.4 0.4) (thickness 0.06)))
    )
    (pad 1 smd roundrect (at -0.7875 0) (size 0.875 0.95) (layers F.Cu F.Paste F.Mask) (roundrect_rratio 0.25)
      (net 12 +8V))
    (pad 2 smd roundrect (at 0.7875 0) (size 0.875 0.95) (layers F.Cu F.Paste F.Mask) (roundrect_rratio 0.25)
      (net 1 GND))
    (model ${KISYS3DMOD}/Capacitor_SMD.3dshapes/C_0603_1608Metric.wrl
      (at (xyz 0 0 0))
      (scale (xyz 1 1 1))
      (rotate (xyz 0 0 0))
    )
  )

  (module Team-FIRE:EEEFK1H390SV (layer F.Cu) (tedit 0) (tstamp 5EB33076)
    (at 56.17734 70.88632 90)
    (descr EEE-FK1H390SV-5)
    (tags "Capacitor Polarised")
    (path /5E4D0D8F/5EAA6D91)
    (attr smd)
    (fp_text reference C11 (at 4.36372 0.11414 180) (layer F.SilkS)
      (effects (font (size 1.27 1.27) (thickness 0.254)))
    )
    (fp_text value 39uF (at 0 0.425 90) (layer F.SilkS) hide
      (effects (font (size 1.27 1.27) (thickness 0.254)))
    )
    (fp_arc (start -0.05 5) (end -0.1 5) (angle -180) (layer F.SilkS) (width 0.2))
    (fp_arc (start -0.05 5) (end 0 5) (angle -180) (layer F.SilkS) (width 0.2))
    (fp_arc (start -0.05 5) (end -0.1 5) (angle -180) (layer F.SilkS) (width 0.2))
    (fp_line (start -0.1 5) (end -0.1 5) (layer F.SilkS) (width 0.2))
    (fp_line (start 0 5) (end 0 5) (layer F.SilkS) (width 0.2))
    (fp_line (start -0.1 5) (end -0.1 5) (layer F.SilkS) (width 0.2))
    (fp_line (start -4.3 6.05) (end -4.3 -5.2) (layer F.CrtYd) (width 0.1))
    (fp_line (start 4.3 6.05) (end -4.3 6.05) (layer F.CrtYd) (width 0.1))
    (fp_line (start 4.3 -5.2) (end 4.3 6.05) (layer F.CrtYd) (width 0.1))
    (fp_line (start -4.3 -5.2) (end 4.3 -5.2) (layer F.CrtYd) (width 0.1))
    (fp_line (start 3.3 -3.3) (end 3.3 -3.3) (layer F.SilkS) (width 0.1))
    (fp_line (start 2.54 -3.3) (end 3.3 -3.3) (layer F.SilkS) (width 0.1))
    (fp_line (start 2.54 -3.3) (end 2.54 -3.3) (layer F.SilkS) (width 0.1))
    (fp_line (start 3.3 -3.3) (end 2.54 -3.3) (layer F.SilkS) (width 0.1))
    (fp_line (start 3.3 -3.3) (end 3.3 3.3) (layer F.SilkS) (width 0.1))
    (fp_line (start 3.3 -3.3) (end 3.3 -3.3) (layer F.SilkS) (width 0.1))
    (fp_line (start 3.3 3.3) (end 3.3 -3.3) (layer F.SilkS) (width 0.1))
    (fp_line (start 3.3 3.3) (end 3.3 3.3) (layer F.SilkS) (width 0.1))
    (fp_line (start 2.54 3.3) (end 2.54 3.3) (layer F.SilkS) (width 0.1))
    (fp_line (start 3.3 3.3) (end 2.54 3.3) (layer F.SilkS) (width 0.1))
    (fp_line (start 3.3 3.3) (end 3.3 3.3) (layer F.SilkS) (width 0.1))
    (fp_line (start 2.54 3.3) (end 3.3 3.3) (layer F.SilkS) (width 0.1))
    (fp_line (start -3.3 3.3) (end -3.3 3.3) (layer F.SilkS) (width 0.1))
    (fp_line (start -2.54 3.3) (end -3.3 3.3) (layer F.SilkS) (width 0.1))
    (fp_line (start -2.54 3.3) (end -2.54 3.3) (layer F.SilkS) (width 0.1))
    (fp_line (start -3.3 3.3) (end -2.54 3.3) (layer F.SilkS) (width 0.1))
    (fp_line (start -3.3 3.3) (end -3.3 -3.3) (layer F.SilkS) (width 0.1))
    (fp_line (start -3.3 3.3) (end -3.3 3.3) (layer F.SilkS) (width 0.1))
    (fp_line (start -3.3 -3.3) (end -3.3 3.3) (layer F.SilkS) (width 0.1))
    (fp_line (start -3.3 -3.3) (end -3.3 -3.3) (layer F.SilkS) (width 0.1))
    (fp_line (start -2.54 -3.3) (end -2.54 -3.3) (layer F.SilkS) (width 0.1))
    (fp_line (start -3.3 -3.3) (end -2.54 -3.3) (layer F.SilkS) (width 0.1))
    (fp_line (start -3.3 -3.3) (end -3.3 -3.3) (layer F.SilkS) (width 0.1))
    (fp_line (start -2.54 -3.3) (end -3.3 -3.3) (layer F.SilkS) (width 0.1))
    (fp_line (start -3.3 -3.3) (end -3.3 3.3) (layer F.Fab) (width 0.2))
    (fp_line (start 3.3 -3.3) (end -3.3 -3.3) (layer F.Fab) (width 0.2))
    (fp_line (start 3.3 3.3) (end 3.3 -3.3) (layer F.Fab) (width 0.2))
    (fp_line (start -3.3 3.3) (end 3.3 3.3) (layer F.Fab) (width 0.2))
    (fp_text user %R (at 0 0.425 90) (layer F.Fab)
      (effects (font (size 1.27 1.27) (thickness 0.254)))
    )
    (pad 6 smd rect (at 0 -3.875 180) (size 0.65 1.2) (layers F.Cu F.Paste F.Mask)
      (net 1 GND))
    (pad 5 smd rect (at 0 -1.075 180) (size 0.95 1.2) (layers F.Cu F.Paste F.Mask)
      (net 1 GND))
    (pad 4 smd rect (at 0 1.075 180) (size 0.95 1.2) (layers F.Cu F.Paste F.Mask)
      (net 13 +30V))
    (pad 3 smd rect (at 0 3.875 180) (size 0.65 1.2) (layers F.Cu F.Paste F.Mask)
      (net 13 +30V))
    (pad 2 smd rect (at 0 -2.55 180) (size 2 3.2) (layers F.Cu F.Paste F.Mask)
      (net 1 GND))
    (pad 1 smd rect (at 0 2.55 180) (size 2 3.2) (layers F.Cu F.Paste F.Mask)
      (net 13 +30V))
  )

  (module Capacitor_SMD:C_0603_1608Metric (layer F.Cu) (tedit 5B301BBE) (tstamp 5EB33087)
    (at 146.860801 67.847001)
    (descr "Capacitor SMD 0603 (1608 Metric), square (rectangular) end terminal, IPC_7351 nominal, (Body size source: http://www.tortai-tech.com/upload/download/2011102023233369053.pdf), generated with kicad-footprint-generator")
    (tags capacitor)
    (path /5E4D0D8F/5F173878)
    (attr smd)
    (fp_text reference C12 (at 0 -1.43) (layer F.SilkS)
      (effects (font (size 1 1) (thickness 0.15)))
    )
    (fp_text value 1uF (at 0 1.43) (layer F.Fab)
      (effects (font (size 1 1) (thickness 0.15)))
    )
    (fp_text user %R (at 0 0) (layer F.Fab)
      (effects (font (size 0.4 0.4) (thickness 0.06)))
    )
    (fp_line (start 1.48 0.73) (end -1.48 0.73) (layer F.CrtYd) (width 0.05))
    (fp_line (start 1.48 -0.73) (end 1.48 0.73) (layer F.CrtYd) (width 0.05))
    (fp_line (start -1.48 -0.73) (end 1.48 -0.73) (layer F.CrtYd) (width 0.05))
    (fp_line (start -1.48 0.73) (end -1.48 -0.73) (layer F.CrtYd) (width 0.05))
    (fp_line (start -0.162779 0.51) (end 0.162779 0.51) (layer F.SilkS) (width 0.12))
    (fp_line (start -0.162779 -0.51) (end 0.162779 -0.51) (layer F.SilkS) (width 0.12))
    (fp_line (start 0.8 0.4) (end -0.8 0.4) (layer F.Fab) (width 0.1))
    (fp_line (start 0.8 -0.4) (end 0.8 0.4) (layer F.Fab) (width 0.1))
    (fp_line (start -0.8 -0.4) (end 0.8 -0.4) (layer F.Fab) (width 0.1))
    (fp_line (start -0.8 0.4) (end -0.8 -0.4) (layer F.Fab) (width 0.1))
    (pad 2 smd roundrect (at 0.7875 0) (size 0.875 0.95) (layers F.Cu F.Paste F.Mask) (roundrect_rratio 0.25)
      (net 1 GND))
    (pad 1 smd roundrect (at -0.7875 0) (size 0.875 0.95) (layers F.Cu F.Paste F.Mask) (roundrect_rratio 0.25)
      (net 14 MODE_SW))
    (model ${KISYS3DMOD}/Capacitor_SMD.3dshapes/C_0603_1608Metric.wrl
      (at (xyz 0 0 0))
      (scale (xyz 1 1 1))
      (rotate (xyz 0 0 0))
    )
  )

  (module Capacitor_SMD:C_0603_1608Metric (layer F.Cu) (tedit 5B301BBE) (tstamp 5EB33098)
    (at 145.750801 70.357001)
    (descr "Capacitor SMD 0603 (1608 Metric), square (rectangular) end terminal, IPC_7351 nominal, (Body size source: http://www.tortai-tech.com/upload/download/2011102023233369053.pdf), generated with kicad-footprint-generator")
    (tags capacitor)
    (path /5E4D0D8F/5ED8008F)
    (attr smd)
    (fp_text reference C13 (at 0 -1.43) (layer F.SilkS)
      (effects (font (size 1 1) (thickness 0.15)))
    )
    (fp_text value 2.2uF (at 0 1.43) (layer F.Fab)
      (effects (font (size 1 1) (thickness 0.15)))
    )
    (fp_text user %R (at 0 0) (layer F.Fab)
      (effects (font (size 0.4 0.4) (thickness 0.06)))
    )
    (fp_line (start 1.48 0.73) (end -1.48 0.73) (layer F.CrtYd) (width 0.05))
    (fp_line (start 1.48 -0.73) (end 1.48 0.73) (layer F.CrtYd) (width 0.05))
    (fp_line (start -1.48 -0.73) (end 1.48 -0.73) (layer F.CrtYd) (width 0.05))
    (fp_line (start -1.48 0.73) (end -1.48 -0.73) (layer F.CrtYd) (width 0.05))
    (fp_line (start -0.162779 0.51) (end 0.162779 0.51) (layer F.SilkS) (width 0.12))
    (fp_line (start -0.162779 -0.51) (end 0.162779 -0.51) (layer F.SilkS) (width 0.12))
    (fp_line (start 0.8 0.4) (end -0.8 0.4) (layer F.Fab) (width 0.1))
    (fp_line (start 0.8 -0.4) (end 0.8 0.4) (layer F.Fab) (width 0.1))
    (fp_line (start -0.8 -0.4) (end 0.8 -0.4) (layer F.Fab) (width 0.1))
    (fp_line (start -0.8 0.4) (end -0.8 -0.4) (layer F.Fab) (width 0.1))
    (pad 2 smd roundrect (at 0.7875 0) (size 0.875 0.95) (layers F.Cu F.Paste F.Mask) (roundrect_rratio 0.25)
      (net 1 GND))
    (pad 1 smd roundrect (at -0.7875 0) (size 0.875 0.95) (layers F.Cu F.Paste F.Mask) (roundrect_rratio 0.25)
      (net 13 +30V))
    (model ${KISYS3DMOD}/Capacitor_SMD.3dshapes/C_0603_1608Metric.wrl
      (at (xyz 0 0 0))
      (scale (xyz 1 1 1))
      (rotate (xyz 0 0 0))
    )
  )

  (module Capacitor_SMD:C_0603_1608Metric (layer F.Cu) (tedit 5B301BBE) (tstamp 5EB330A9)
    (at 173.600801 45.647001)
    (descr "Capacitor SMD 0603 (1608 Metric), square (rectangular) end terminal, IPC_7351 nominal, (Body size source: http://www.tortai-tech.com/upload/download/2011102023233369053.pdf), generated with kicad-footprint-generator")
    (tags capacitor)
    (path /5E4D0D8F/5F174FB5)
    (attr smd)
    (fp_text reference C14 (at 0 -1.43) (layer F.SilkS)
      (effects (font (size 1 1) (thickness 0.15)))
    )
    (fp_text value 10uF (at 0 1.43) (layer F.Fab)
      (effects (font (size 1 1) (thickness 0.15)))
    )
    (fp_text user %R (at 0 0) (layer F.Fab)
      (effects (font (size 0.4 0.4) (thickness 0.06)))
    )
    (fp_line (start 1.48 0.73) (end -1.48 0.73) (layer F.CrtYd) (width 0.05))
    (fp_line (start 1.48 -0.73) (end 1.48 0.73) (layer F.CrtYd) (width 0.05))
    (fp_line (start -1.48 -0.73) (end 1.48 -0.73) (layer F.CrtYd) (width 0.05))
    (fp_line (start -1.48 0.73) (end -1.48 -0.73) (layer F.CrtYd) (width 0.05))
    (fp_line (start -0.162779 0.51) (end 0.162779 0.51) (layer F.SilkS) (width 0.12))
    (fp_line (start -0.162779 -0.51) (end 0.162779 -0.51) (layer F.SilkS) (width 0.12))
    (fp_line (start 0.8 0.4) (end -0.8 0.4) (layer F.Fab) (width 0.1))
    (fp_line (start 0.8 -0.4) (end 0.8 0.4) (layer F.Fab) (width 0.1))
    (fp_line (start -0.8 -0.4) (end 0.8 -0.4) (layer F.Fab) (width 0.1))
    (fp_line (start -0.8 0.4) (end -0.8 -0.4) (layer F.Fab) (width 0.1))
