(kicad_pcb (version 20171130) (host pcbnew "(5.1.4-0-10_14)")

  (general
    (thickness 1.6)
    (drawings 34)
    (tracks 1355)
    (zones 0)
    (modules 88)
    (nets 169)
  )

  (page A4)
  (title_block
    (title "RC Test Circuit")
    (date 2019-11-18)
    (rev v1.0)
    (comment 4 "Author: Collin Heist")
  )

  (layers
    (0 F.Cu signal)
    (1 GND.Cu power)
    (2 PWR.Cu power)
    (31 B.Cu signal)
    (32 B.Adhes user)
    (33 F.Adhes user)
    (34 B.Paste user)
    (35 F.Paste user)
    (36 B.SilkS user)
    (37 F.SilkS user)
    (38 B.Mask user)
    (39 F.Mask user)
    (40 Dwgs.User user)
    (41 Cmts.User user)
    (42 Eco1.User user)
    (43 Eco2.User user)
    (44 Edge.Cuts user)
    (45 Margin user)
    (46 B.CrtYd user)
    (47 F.CrtYd user)
    (48 B.Fab user hide)
    (49 F.Fab user hide)
  )

  (setup
    (last_trace_width 0.127)
    (user_trace_width 0.254)
    (user_trace_width 0.635)
    (user_trace_width 1.27)
    (user_trace_width 1.905)
    (user_trace_width 2.54)
    (trace_clearance 0.075)
    (zone_clearance 0.508)
    (zone_45_only yes)
    (trace_min 0.127)
    (via_size 0.4572)
    (via_drill 0.254)
    (via_min_size 0.4572)
    (via_min_drill 0.254)
    (uvia_size 0.254)
    (uvia_drill 0.1016)
    (uvias_allowed no)
    (uvia_min_size 0)
    (uvia_min_drill 0)
    (edge_width 0.05)
    (segment_width 0.2)
    (pcb_text_width 0.3)
    (pcb_text_size 1.5 1.5)
    (mod_edge_width 0.12)
    (mod_text_size 1 1)
    (mod_text_width 0.15)
    (pad_size 3.50012 3.50012)
    (pad_drill 1.50114)
    (pad_to_mask_clearance 0.051)
    (solder_mask_min_width 0.25)
    (aux_axis_origin 111.6739 37.52132)
    (grid_origin 34.3239 101.12132)
    (visible_elements FFFFFF7F)
    (pcbplotparams
      (layerselection 0x010eb_ffffffff)
      (usegerberextensions false)
      (usegerberattributes false)
      (usegerberadvancedattributes false)
      (creategerberjobfile false)
      (excludeedgelayer true)
      (linewidth 0.100000)
      (plotframeref false)
      (viasonmask false)
      (mode 1)
      (useauxorigin false)
      (hpglpennumber 1)
      (hpglpenspeed 20)
      (hpglpendiameter 15.000000)
      (psnegative false)
      (psa4output false)
      (plotreference true)
      (plotvalue true)
      (plotinvisibletext false)
      (padsonsilk false)
      (subtractmaskfromsilk false)
      (outputformat 1)
      (mirror false)
      (drillshape 0)
      (scaleselection 1)
      (outputdirectory "Outputs/Gerbers/"))
  )

  (net 0 "")
  (net 1 GND)
  (net 2 "Net-(C1-Pad1)")
  (net 3 "Net-(C2-Pad1)")
  (net 4 "Net-(C2-Pad2)")
  (net 5 "Net-(C3-Pad2)")
  (net 6 "Net-(C3-Pad1)")
  (net 7 "Net-(C4-Pad1)")
  (net 8 +5V)
  (net 9 SIM_VCC)
  (net 10 "Net-(C7-Pad1)")
  (net 11 "Net-(C8-Pad2)")
  (net 12 +8V)
  (net 13 +30V)
  (net 14 MODE_SW)
  (net 15 "Net-(C17-Pad2)")
  (net 16 "Net-(C19-Pad2)")
  (net 17 VDDCORE)
  (net 18 RST)
  (net 19 VBAT)
  (net 20 "Net-(C34-Pad1)")
  (net 21 "Net-(CR1-Pad2)")
  (net 22 "Net-(D2-Pad2)")
  (net 23 "Net-(D3-Pad2)")
  (net 24 "Net-(D4-Pad2)")
  (net 25 TX_LED)
  (net 26 RX_LED)
  (net 27 "Net-(D5-Pad2)")
  (net 28 "Net-(IC1-Pad5)")
  (net 29 TES-EN)
  (net 30 "Net-(IC2-Pad2)")
  (net 31 IR_BOOST)
  (net 32 "Net-(IC2-Pad4)")
  (net 33 "Net-(J1-Pad5)")
  (net 34 SIM_IO)
  (net 35 SIM_RESET)
  (net 36 SIM_CLOCK)
  (net 37 "Net-(J2-Pad1)")
  (net 38 "Net-(J2-Pad2)")
  (net 39 "Net-(J2-Pad3)")
  (net 40 "Net-(J2-Pad4)")
  (net 41 "Net-(J2-Pad7)")
  (net 42 "Net-(J2-Pad8)")
  (net 43 "Net-(J2-Pad9)")
  (net 44 "Net-(J2-Pad10)")
  (net 45 "Net-(J2-Pad13)")
  (net 46 "Net-(J2-Pad14)")
  (net 47 RX)
  (net 48 TX)
  (net 49 CTS)
  (net 50 DCD)
  (net 51 DSR)
  (net 52 RI)
  (net 53 RTS)
  (net 54 DTR)
  (net 55 IR_SIM_V)
  (net 56 IR_SIM_EN)
  (net 57 IR_SIM_IO)
  (net 58 RF_EN)
  (net 59 3.3V_SENSE)
  (net 60 TX_ACTIVE)
  (net 61 PWR_EN)
  (net 62 BOOST_EN)
  (net 63 "Net-(J3-Pad4)")
  (net 64 USB_D+)
  (net 65 USB_D-)
  (net 66 "Net-(J3-Pad1)")
  (net 67 SWDIO)
  (net 68 SWCLK)
  (net 69 "Net-(J5-Pad6)")
  (net 70 "Net-(J5-Pad7)")
  (net 71 "Net-(J5-Pad8)")
  (net 72 "Net-(J5-Pad9)")
  (net 73 TES-TX)
  (net 74 TES-RX)
  (net 75 TES-GPS-FLAG)
  (net 76 "Net-(J10-Pad1)")
  (net 77 VSW)
  (net 78 "Net-(Q1-Pad4)")
  (net 79 "Net-(Q1-Pad1)")
  (net 80 "Net-(R5-Pad2)")
  (net 81 EN_IR_BUS)
  (net 82 SYS_LED)
  (net 83 I2_LED)
  (net 84 FLASH_CS)
  (net 85 "Net-(R17-Pad1)")
  (net 86 "Net-(R19-Pad1)")
  (net 87 8V_EN)
  (net 88 "Net-(R21-Pad2)")
  (net 89 8V_ISENSE)
  (net 90 "Net-(U1-Pad3)")
  (net 91 "Net-(U2-Pad1)")
  (net 92 IR_SIM_VCC)
  (net 93 "Net-(U2-Pad4)")
  (net 94 "Net-(U2-Pad6)")
  (net 95 "Net-(U2-Pad12)")
  (net 96 IR_SIM_RESET)
  (net 97 "Net-(U2-Pad16)")
  (net 98 IO-TX)
  (net 99 IO-RX)
  (net 100 IO-CTS)
  (net 101 IO-DSR)
  (net 102 IO-RTS)
  (net 103 IO-DCD)
  (net 104 IO-RI)
  (net 105 IO-DTR)
  (net 106 "Net-(U5-Pad2)")
  (net 107 "Net-(U5-Pad3)")
  (net 108 "Net-(U5-Pad4)")
  (net 109 "Net-(U5-Pad5)")
  (net 110 "Net-(U5-Pad6)")
  (net 111 "Net-(U5-Pad7)")
  (net 112 "Net-(U5-Pad8)")
  (net 113 "Net-(U5-Pad9)")
  (net 114 "Net-(U5-Pad10)")
  (net 115 "Net-(U5-Pad13)")
  (net 116 "Net-(U5-Pad14)")
  (net 117 5V_ISENSE)
  (net 118 "Net-(U5-Pad17)")
  (net 119 "Net-(U5-Pad18)")
  (net 120 "Net-(U5-Pad19)")
  (net 121 "Net-(U5-Pad20)")
  (net 122 "Net-(U5-Pad21)")
  (net 123 "Net-(U5-Pad22)")
  (net 124 "Net-(U5-Pad23)")
  (net 125 "Net-(U5-Pad25)")
  (net 126 FLASH_MOSI)
  (net 127 FLASH_SCK)
  (net 128 FLASH_MISO)
  (net 129 MISO)
  (net 130 MOSI)
  (net 131 SCK)
  (net 132 "Net-(U5-Pad36)")
  (net 133 "Net-(U5-Pad37)")
  (net 134 5V_EN)
  (net 135 3959_GOOD)
  (net 136 3959_EN)
  (net 137 "Net-(U5-Pad47)")
  (net 138 "Net-(U5-Pad53)")
  (net 139 EN_TES_BUS)
  (net 140 PWR_SW)
  (net 141 "Net-(U5-Pad60)")
  (net 142 "Net-(U5-Pad61)")
  (net 143 "Net-(U5-Pad64)")
  (net 144 "Net-(U5-Pad65)")
  (net 145 "Net-(U5-Pad67)")
  (net 146 "Net-(U5-Pad68)")
  (net 147 "Net-(U5-Pad69)")
  (net 148 SDA)
  (net 149 SCL)
  (net 150 "Net-(U5-Pad72)")
  (net 151 "Net-(U5-Pad73)")
  (net 152 SYS-TX)
  (net 153 SYS-RX)
  (net 154 "Net-(U5-Pad80)")
  (net 155 "Net-(U5-Pad81)")
  (net 156 "Net-(U5-Pad82)")
  (net 157 "Net-(U5-Pad83)")
  (net 158 "Net-(U5-Pad84)")
  (net 159 SWO)
  (net 160 "Net-(U5-Pad86)")
  (net 161 "Net-(U5-Pad95)")
  (net 162 "Net-(U5-Pad96)")
  (net 163 "Net-(U5-Pad97)")
  (net 164 "Net-(U5-Pad98)")
  (net 165 "Net-(U5-Pad99)")
  (net 166 SYS_SPARE)
  (net 167 TES-SPARE)
  (net 168 IR_SIM_CLOCK)

  (net_class Default "This is the default net class."
    (clearance 0.075)
    (trace_width 0.127)
    (via_dia 0.4572)
    (via_drill 0.254)
    (uvia_dia 0.254)
    (uvia_drill 0.1016)
    (add_net +30V)
    (add_net +5V)
    (add_net +8V)
    (add_net 3.3V_SENSE)
    (add_net 3959_EN)
    (add_net 3959_GOOD)
    (add_net 5V_EN)
    (add_net 5V_ISENSE)
    (add_net 8V_EN)
    (add_net 8V_ISENSE)
    (add_net BOOST_EN)
    (add_net CTS)
    (add_net DCD)
    (add_net DSR)
    (add_net DTR)
    (add_net EN_IR_BUS)
    (add_net EN_TES_BUS)
    (add_net FLASH_CS)
    (add_net FLASH_MISO)
    (add_net FLASH_MOSI)
    (add_net FLASH_SCK)
    (add_net GND)
    (add_net I2_LED)
    (add_net IO-CTS)
    (add_net IO-DCD)
    (add_net IO-DSR)
    (add_net IO-DTR)
    (add_net IO-RI)
    (add_net IO-RTS)
    (add_net IO-RX)
    (add_net IO-TX)
    (add_net IR_BOOST)
    (add_net IR_SIM_CLOCK)
    (add_net IR_SIM_EN)
    (add_net IR_SIM_IO)
    (add_net IR_SIM_RESET)
    (add_net IR_SIM_V)
    (add_net IR_SIM_VCC)
    (add_net MISO)
    (add_net MODE_SW)
    (add_net MOSI)
    (add_net "Net-(C1-Pad1)")
    (add_net "Net-(C17-Pad2)")
    (add_net "Net-(C19-Pad2)")
    (add_net "Net-(C2-Pad1)")
    (add_net "Net-(C2-Pad2)")
    (add_net "Net-(C3-Pad1)")
    (add_net "Net-(C3-Pad2)")
    (add_net "Net-(C34-Pad1)")
    (add_net "Net-(C4-Pad1)")
    (add_net "Net-(C7-Pad1)")
    (add_net "Net-(C8-Pad2)")
    (add_net "Net-(CR1-Pad2)")
    (add_net "Net-(D2-Pad2)")
    (add_net "Net-(D3-Pad2)")
    (add_net "Net-(D4-Pad2)")
    (add_net "Net-(D5-Pad2)")
    (add_net "Net-(IC1-Pad5)")
    (add_net "Net-(IC2-Pad2)")
    (add_net "Net-(IC2-Pad4)")
    (add_net "Net-(J1-Pad5)")
    (add_net "Net-(J10-Pad1)")
    (add_net "Net-(J2-Pad1)")
    (add_net "Net-(J2-Pad10)")
    (add_net "Net-(J2-Pad13)")
    (add_net "Net-(J2-Pad14)")
    (add_net "Net-(J2-Pad2)")
    (add_net "Net-(J2-Pad3)")
    (add_net "Net-(J2-Pad4)")
    (add_net "Net-(J2-Pad7)")
    (add_net "Net-(J2-Pad8)")
    (add_net "Net-(J2-Pad9)")
    (add_net "Net-(J3-Pad1)")
    (add_net "Net-(J3-Pad4)")
    (add_net "Net-(J5-Pad6)")
    (add_net "Net-(J5-Pad7)")
    (add_net "Net-(J5-Pad8)")
    (add_net "Net-(J5-Pad9)")
    (add_net "Net-(Q1-Pad1)")
    (add_net "Net-(Q1-Pad4)")
    (add_net "Net-(R17-Pad1)")
    (add_net "Net-(R19-Pad1)")
    (add_net "Net-(R21-Pad2)")
    (add_net "Net-(R5-Pad2)")
    (add_net "Net-(U1-Pad3)")
    (add_net "Net-(U2-Pad1)")
    (add_net "Net-(U2-Pad12)")
    (add_net "Net-(U2-Pad16)")
    (add_net "Net-(U2-Pad4)")
    (add_net "Net-(U2-Pad6)")
    (add_net "Net-(U5-Pad10)")
    (add_net "Net-(U5-Pad13)")
    (add_net "Net-(U5-Pad14)")
    (add_net "Net-(U5-Pad17)")
    (add_net "Net-(U5-Pad18)")
    (add_net "Net-(U5-Pad19)")
    (add_net "Net-(U5-Pad2)")
    (add_net "Net-(U5-Pad20)")
    (add_net "Net-(U5-Pad21)")
    (add_net "Net-(U5-Pad22)")
    (add_net "Net-(U5-Pad23)")
    (add_net "Net-(U5-Pad25)")
    (add_net "Net-(U5-Pad3)")
    (add_net "Net-(U5-Pad36)")
    (add_net "Net-(U5-Pad37)")
    (add_net "Net-(U5-Pad4)")
    (add_net "Net-(U5-Pad47)")
    (add_net "Net-(U5-Pad5)")
    (add_net "Net-(U5-Pad53)")
    (add_net "Net-(U5-Pad6)")
    (add_net "Net-(U5-Pad60)")
    (add_net "Net-(U5-Pad61)")
    (add_net "Net-(U5-Pad64)")
    (add_net "Net-(U5-Pad65)")
    (add_net "Net-(U5-Pad67)")
    (add_net "Net-(U5-Pad68)")
    (add_net "Net-(U5-Pad69)")
    (add_net "Net-(U5-Pad7)")
    (add_net "Net-(U5-Pad72)")
    (add_net "Net-(U5-Pad73)")
    (add_net "Net-(U5-Pad8)")
    (add_net "Net-(U5-Pad80)")
    (add_net "Net-(U5-Pad81)")
    (add_net "Net-(U5-Pad82)")
    (add_net "Net-(U5-Pad83)")
    (add_net "Net-(U5-Pad84)")
    (add_net "Net-(U5-Pad86)")
    (add_net "Net-(U5-Pad9)")
    (add_net "Net-(U5-Pad95)")
    (add_net "Net-(U5-Pad96)")
    (add_net "Net-(U5-Pad97)")
    (add_net "Net-(U5-Pad98)")
    (add_net "Net-(U5-Pad99)")
    (add_net PWR_EN)
    (add_net PWR_SW)
    (add_net RF_EN)
    (add_net RI)
    (add_net RST)
    (add_net RTS)
    (add_net RX)
    (add_net RX_LED)
    (add_net SCK)
    (add_net SCL)
    (add_net SDA)
    (add_net SIM_CLOCK)
    (add_net SIM_IO)
    (add_net SIM_RESET)
    (add_net SIM_VCC)
    (add_net SWCLK)
    (add_net SWDIO)
    (add_net SWO)
    (add_net SYS-RX)
    (add_net SYS-TX)
    (add_net SYS_LED)
    (add_net SYS_SPARE)
    (add_net TES-EN)
    (add_net TES-GPS-FLAG)
    (add_net TES-RX)
    (add_net TES-SPARE)
    (add_net TES-TX)
    (add_net TX)
    (add_net TX_ACTIVE)
    (add_net TX_LED)
    (add_net USB_D+)
    (add_net USB_D-)
    (add_net VBAT)
    (add_net VDDCORE)
    (add_net VSW)
  )

  (module Resistor_SMD:R_0805_2012Metric (layer B.Cu) (tedit 5B36C52B) (tstamp 5EB335C0)
    (at 49.9989 71.69632 180)
    (descr "Resistor SMD 0805 (2012 Metric), square (rectangular) end terminal, IPC_7351 nominal, (Body size source: https://docs.google.com/spreadsheets/d/1BsfQQcO9C6DZCsRaXUlFlo91Tg2WpOkGARC1WS5S8t0/edit?usp=sharing), generated with kicad-footprint-generator")
    (tags resistor)
    (path /5E585515/5EA74298)
    (attr smd)
    (fp_text reference R21 (at -2.125 0 90) (layer B.SilkS)
      (effects (font (size 0.5 0.5) (thickness 0.1)) (justify mirror))
    )
    (fp_text value 523k (at 0 -1.65) (layer B.Fab)
      (effects (font (size 1 1) (thickness 0.15)) (justify mirror))
    )
    (fp_line (start -1 -0.6) (end -1 0.6) (layer B.Fab) (width 0.1))
    (fp_line (start -1 0.6) (end 1 0.6) (layer B.Fab) (width 0.1))
    (fp_line (start 1 0.6) (end 1 -0.6) (layer B.Fab) (width 0.1))
    (fp_line (start 1 -0.6) (end -1 -0.6) (layer B.Fab) (width 0.1))
    (fp_line (start -0.258578 0.71) (end 0.258578 0.71) (layer B.SilkS) (width 0.12))
    (fp_line (start -0.258578 -0.71) (end 0.258578 -0.71) (layer B.SilkS) (width 0.12))
    (fp_line (start -1.68 -0.95) (end -1.68 0.95) (layer B.CrtYd) (width 0.05))
    (fp_line (start -1.68 0.95) (end 1.68 0.95) (layer B.CrtYd) (width 0.05))
    (fp_line (start 1.68 0.95) (end 1.68 -0.95) (layer B.CrtYd) (width 0.05))
    (fp_line (start 1.68 -0.95) (end -1.68 -0.95) (layer B.CrtYd) (width 0.05))
    (fp_text user %R (at 0 0) (layer B.Fab)
      (effects (font (size 0.5 0.5) (thickness 0.08)) (justify mirror))
    )
    (pad 1 smd roundrect (at -0.9375 0 180) (size 0.975 1.4) (layers B.Cu B.Paste B.Mask) (roundrect_rratio 0.25)
      (net 8 +5V))
    (pad 2 smd roundrect (at 0.9375 0 180) (size 0.975 1.4) (layers B.Cu B.Paste B.Mask) (roundrect_rratio 0.25)
      (net 88 "Net-(R21-Pad2)"))
    (model ${KISYS3DMOD}/Resistor_SMD.3dshapes/R_0805_2012Metric.wrl
      (at (xyz 0 0 0))
      (scale (xyz 1 1 1))
      (rotate (xyz 0 0 0))
    )
    (model "/Users/CollinHeist/Documents/Academia/AgMEQ Lab/KiCad Libraries/kicad-packages3D-5.1.4/Resistor_SMD.3dshapes/R_0805_2012Metric.step"
      (at (xyz 0 0 0))
      (scale (xyz 1 1 1))
      (rotate (xyz 0 0 0))
    )
  )

  (module Connector_JST:JST_SH_SM03B-SRSS-TB_1x03-1MP_P1.00mm_Horizontal (layer F.Cu) (tedit 5B78AD87) (tstamp 5EB333A0)
    (at 33.37492 78.48332 270)
    (descr "JST SH series connector, SM03B-SRSS-TB (http://www.jst-mfg.com/product/pdf/eng/eSH.pdf), generated with kicad-footprint-generator")
    (tags "connector JST SH top entry")
    (path /5E585515/5EB05C74)
    (attr smd)
    (fp_text reference J7 (at 0 -3.98 90) (layer F.SilkS)
      (effects (font (size 1 1) (thickness 0.15)))
    )
    (fp_text value Conn_01x03 (at 0 3.98 90) (layer F.Fab)
      (effects (font (size 1 1) (thickness 0.15)))
    )
    (fp_line (start -2.5 -1.675) (end 2.5 -1.675) (layer F.Fab) (width 0.1))
    (fp_line (start -2.61 0.715) (end -2.61 -1.785) (layer F.SilkS) (width 0.12))
    (fp_line (start -2.61 -1.785) (end -1.56 -1.785) (layer F.SilkS) (width 0.12))
    (fp_line (start -1.56 -1.785) (end -1.56 -2.775) (layer F.SilkS) (width 0.12))
    (fp_line (start 2.61 0.715) (end 2.61 -1.785) (layer F.SilkS) (width 0.12))
    (fp_line (start 2.61 -1.785) (end 1.56 -1.785) (layer F.SilkS) (width 0.12))
    (fp_line (start -1.44 2.685) (end 1.44 2.685) (layer F.SilkS) (width 0.12))
    (fp_line (start -2.5 2.575) (end 2.5 2.575) (layer F.Fab) (width 0.1))
    (fp_line (start -2.5 -1.675) (end -2.5 2.575) (layer F.Fab) (width 0.1))
    (fp_line (start 2.5 -1.675) (end 2.5 2.575) (layer F.Fab) (width 0.1))
    (fp_line (start -3.4 -3.28) (end -3.4 3.28) (layer F.CrtYd) (width 0.05))
    (fp_line (start -3.4 3.28) (end 3.4 3.28) (layer F.CrtYd) (width 0.05))
    (fp_line (start 3.4 3.28) (end 3.4 -3.28) (layer F.CrtYd) (width 0.05))
    (fp_line (start 3.4 -3.28) (end -3.4 -3.28) (layer F.CrtYd) (width 0.05))
    (fp_line (start -1.5 -1.675) (end -1 -0.967893) (layer F.Fab) (width 0.1))
    (fp_line (start -1 -0.967893) (end -0.5 -1.675) (layer F.Fab) (width 0.1))
    (fp_text user %R (at 0 0 90) (layer F.Fab)
      (effects (font (size 1 1) (thickness 0.15)))
    )
    (pad 1 smd roundrect (at -1 -2 270) (size 0.6 1.55) (layers F.Cu F.Paste F.Mask) (roundrect_rratio 0.25)
      (net 1 GND))
    (pad 2 smd roundrect (at 0 -2 270) (size 0.6 1.55) (layers F.Cu F.Paste F.Mask) (roundrect_rratio 0.25)
      (net 29 TES-EN))
    (pad 3 smd roundrect (at 1 -2 270) (size 0.6 1.55) (layers F.Cu F.Paste F.Mask) (roundrect_rratio 0.25)
      (net 75 TES-GPS-FLAG))
    (pad MP smd roundrect (at -2.3 1.875 270) (size 1.2 1.8) (layers F.Cu F.Paste F.Mask) (roundrect_rratio 0.208333))
    (pad MP smd roundrect (at 2.3 1.875 270) (size 1.2 1.8) (layers F.Cu F.Paste F.Mask) (roundrect_rratio 0.208333))
    (model ${KISYS3DMOD}/Connector_JST.3dshapes/JST_SH_SM03B-SRSS-TB_1x03-1MP_P1.00mm_Horizontal.wrl
      (at (xyz 0 0 0))
      (scale (xyz 1 1 1))
      (rotate (xyz 0 0 0))
    )
    (model "${KIPRJMOD}/SM03B-SRSS-TB(LF)(SN)/SM03B-SRSS-TB_LF__SN_.stp"
      (at (xyz 0 0 0))
      (scale (xyz 1 1 1))
      (rotate (xyz 0 0 0))
    )
  )

  (module Capacitor_SMD:C_0603_1608Metric (layer B.Cu) (tedit 5B301BBE) (tstamp 5EB32FAC)
    (at 99.7989 87.44632 270)
    (descr "Capacitor SMD 0603 (1608 Metric), square (rectangular) end terminal, IPC_7351 nominal, (Body size source: http://www.tortai-tech.com/upload/download/2011102023233369053.pdf), generated with kicad-footprint-generator")
    (tags capacitor)
    (path /5E4D0D8F/5EA862CE)
    (attr smd)
    (fp_text reference C1 (at 1.85 0.025 180) (layer B.SilkS)
      (effects (font (size 0.5 0.5) (thickness 0.1)) (justify mirror))
    )
    (fp_text value 33nF (at 0 -1.43 90) (layer B.Fab)
      (effects (font (size 1 1) (thickness 0.15)) (justify mirror))
    )
    (fp_text user %R (at 0 0 90) (layer B.Fab)
      (effects (font (size 0.4 0.4) (thickness 0.06)) (justify mirror))
    )
    (fp_line (start 1.48 -0.73) (end -1.48 -0.73) (layer B.CrtYd) (width 0.05))
    (fp_line (start 1.48 0.73) (end 1.48 -0.73) (layer B.CrtYd) (width 0.05))
    (fp_line (start -1.48 0.73) (end 1.48 0.73) (layer B.CrtYd) (width 0.05))
    (fp_line (start -1.48 -0.73) (end -1.48 0.73) (layer B.CrtYd) (width 0.05))
    (fp_line (start -0.162779 -0.51) (end 0.162779 -0.51) (layer B.SilkS) (width 0.12))
    (fp_line (start -0.162779 0.51) (end 0.162779 0.51) (layer B.SilkS) (width 0.12))
    (fp_line (start 0.8 -0.4) (end -0.8 -0.4) (layer B.Fab) (width 0.1))
    (fp_line (start 0.8 0.4) (end 0.8 -0.4) (layer B.Fab) (width 0.1))
    (fp_line (start -0.8 0.4) (end 0.8 0.4) (layer B.Fab) (width 0.1))
    (fp_line (start -0.8 -0.4) (end -0.8 0.4) (layer B.Fab) (width 0.1))
    (pad 2 smd roundrect (at 0.7875 0 270) (size 0.875 0.95) (layers B.Cu B.Paste B.Mask) (roundrect_rratio 0.25)
      (net 1 GND))
    (pad 1 smd roundrect (at -0.7875 0 270) (size 0.875 0.95) (layers B.Cu B.Paste B.Mask) (roundrect_rratio 0.25)
      (net 2 "Net-(C1-Pad1)"))
    (model ${KISYS3DMOD}/Capacitor_SMD.3dshapes/C_0603_1608Metric.wrl
      (at (xyz 0 0 0))
      (scale (xyz 1 1 1))
      (rotate (xyz 0 0 0))
    )
    (model "/Users/CollinHeist/Documents/Academia/AgMEQ Lab/KiCad Libraries/kicad-packages3D-5.1.4/Capacitor_SMD.3dshapes/C_0603_1608Metric.step"
      (at (xyz 0 0 0))
      (scale (xyz 1 1 1))
      (rotate (xyz 0 0 0))
    )
  )

  (module Capacitor_SMD:C_0603_1608Metric (layer B.Cu) (tedit 5B301BBE) (tstamp 5EB32FBD)
    (at 98.2239 87.44632 90)
    (descr "Capacitor SMD 0603 (1608 Metric), square (rectangular) end terminal, IPC_7351 nominal, (Body size source: http://www.tortai-tech.com/upload/download/2011102023233369053.pdf), generated with kicad-footprint-generator")
    (tags capacitor)
    (path /5E4D0D8F/5EA803DA)
    (attr smd)
    (fp_text reference C2 (at -1.875 0 180) (layer B.SilkS)
      (effects (font (size 0.5 0.5) (thickness 0.1)) (justify mirror))
    )
    (fp_text value 100pF (at 0 -1.43 90) (layer B.Fab)
      (effects (font (size 1 1) (thickness 0.15)) (justify mirror))
    )
    (fp_line (start -0.8 -0.4) (end -0.8 0.4) (layer B.Fab) (width 0.1))
    (fp_line (start -0.8 0.4) (end 0.8 0.4) (layer B.Fab) (width 0.1))
    (fp_line (start 0.8 0.4) (end 0.8 -0.4) (layer B.Fab) (width 0.1))
    (fp_line (start 0.8 -0.4) (end -0.8 -0.4) (layer B.Fab) (width 0.1))
    (fp_line (start -0.162779 0.51) (end 0.162779 0.51) (layer B.SilkS) (width 0.12))
    (fp_line (start -0.162779 -0.51) (end 0.162779 -0.51) (layer B.SilkS) (width 0.12))
    (fp_line (start -1.48 -0.73) (end -1.48 0.73) (layer B.CrtYd) (width 0.05))
    (fp_line (start -1.48 0.73) (end 1.48 0.73) (layer B.CrtYd) (width 0.05))
    (fp_line (start 1.48 0.73) (end 1.48 -0.73) (layer B.CrtYd) (width 0.05))
    (fp_line (start 1.48 -0.73) (end -1.48 -0.73) (layer B.CrtYd) (width 0.05))
    (fp_text user %R (at 0 0 90) (layer B.Fab)
      (effects (font (size 0.4 0.4) (thickness 0.06)) (justify mirror))
    )
    (pad 1 smd roundrect (at -0.7875 0 90) (size 0.875 0.95) (layers B.Cu B.Paste B.Mask) (roundrect_rratio 0.25)
      (net 3 "Net-(C2-Pad1)"))
    (pad 2 smd roundrect (at 0.7875 0 90) (size 0.875 0.95) (layers B.Cu B.Paste B.Mask) (roundrect_rratio 0.25)
      (net 4 "Net-(C2-Pad2)"))
    (model ${KISYS3DMOD}/Capacitor_SMD.3dshapes/C_0603_1608Metric.wrl
      (at (xyz 0 0 0))
      (scale (xyz 1 1 1))
      (rotate (xyz 0 0 0))
    )
    (model "/Users/CollinHeist/Documents/Academia/AgMEQ Lab/KiCad Libraries/kicad-packages3D-5.1.4/Capacitor_SMD.3dshapes/C_0603_1608Metric.step"
      (at (xyz 0 0 0))
      (scale (xyz 1 1 1))
      (rotate (xyz 0 0 0))
    )
  )

  (module Capacitor_SMD:C_0603_1608Metric (layer B.Cu) (tedit 5B301BBE) (tstamp 5EB32FCE)
    (at 102.3989 83.09632 270)
    (descr "Capacitor SMD 0603 (1608 Metric), square (rectangular) end terminal, IPC_7351 nominal, (Body size source: http://www.tortai-tech.com/upload/download/2011102023233369053.pdf), generated with kicad-footprint-generator")
    (tags capacitor)
    (path /5E4D0D8F/5EA469D7)
    (attr smd)
    (fp_text reference C3 (at -1.825 0) (layer B.SilkS)
      (effects (font (size 0.5 0.5) (thickness 0.1)) (justify mirror))
    )
    (fp_text value 1.5nF (at 0 -1.43 270) (layer B.Fab)
      (effects (font (size 1 1) (thickness 0.15)) (justify mirror))
    )
    (fp_text user %R (at 0 0 270) (layer B.Fab)
      (effects (font (size 0.4 0.4) (thickness 0.06)) (justify mirror))
    )
    (fp_line (start 1.48 -0.73) (end -1.48 -0.73) (layer B.CrtYd) (width 0.05))
    (fp_line (start 1.48 0.73) (end 1.48 -0.73) (layer B.CrtYd) (width 0.05))
    (fp_line (start -1.48 0.73) (end 1.48 0.73) (layer B.CrtYd) (width 0.05))
    (fp_line (start -1.48 -0.73) (end -1.48 0.73) (layer B.CrtYd) (width 0.05))
    (fp_line (start -0.162779 -0.51) (end 0.162779 -0.51) (layer B.SilkS) (width 0.12))
    (fp_line (start -0.162779 0.51) (end 0.162779 0.51) (layer B.SilkS) (width 0.12))
    (fp_line (start 0.8 -0.4) (end -0.8 -0.4) (layer B.Fab) (width 0.1))
    (fp_line (start 0.8 0.4) (end 0.8 -0.4) (layer B.Fab) (width 0.1))
    (fp_line (start -0.8 0.4) (end 0.8 0.4) (layer B.Fab) (width 0.1))
    (fp_line (start -0.8 -0.4) (end -0.8 0.4) (layer B.Fab) (width 0.1))
    (pad 2 smd roundrect (at 0.7875 0 270) (size 0.875 0.95) (layers B.Cu B.Paste B.Mask) (roundrect_rratio 0.25)
      (net 5 "Net-(C3-Pad2)"))
    (pad 1 smd roundrect (at -0.7875 0 270) (size 0.875 0.95) (layers B.Cu B.Paste B.Mask) (roundrect_rratio 0.25)
      (net 6 "Net-(C3-Pad1)"))
    (model ${KISYS3DMOD}/Capacitor_SMD.3dshapes/C_0603_1608Metric.wrl
      (at (xyz 0 0 0))
      (scale (xyz 1 1 1))
      (rotate (xyz 0 0 0))
    )
    (model "/Users/CollinHeist/Documents/Academia/AgMEQ Lab/KiCad Libraries/kicad-packages3D-5.1.4/Capacitor_SMD.3dshapes/C_0603_1608Metric.step"
      (at (xyz 0 0 0))
      (scale (xyz 1 1 1))
      (rotate (xyz 0 0 0))
    )
  )

  (module Capacitor_SMD:C_0603_1608Metric (layer B.Cu) (tedit 5B301BBE) (tstamp 5EB32FDF)
    (at 100.7989 83.09632 270)
    (descr "Capacitor SMD 0603 (1608 Metric), square (rectangular) end terminal, IPC_7351 nominal, (Body size source: http://www.tortai-tech.com/upload/download/2011102023233369053.pdf), generated with kicad-footprint-generator")
    (tags capacitor)
    (path /5E4D0D8F/5EA455EF)
    (attr smd)
    (fp_text reference C4 (at -1.825 0) (layer B.SilkS)
      (effects (font (size 0.5 0.5) (thickness 0.1)) (justify mirror))
    )
    (fp_text value 27nF (at 0 -1.43 270) (layer B.Fab)
      (effects (font (size 1 1) (thickness 0.15)) (justify mirror))
    )
    (fp_line (start -0.8 -0.4) (end -0.8 0.4) (layer B.Fab) (width 0.1))
    (fp_line (start -0.8 0.4) (end 0.8 0.4) (layer B.Fab) (width 0.1))
    (fp_line (start 0.8 0.4) (end 0.8 -0.4) (layer B.Fab) (width 0.1))
    (fp_line (start 0.8 -0.4) (end -0.8 -0.4) (layer B.Fab) (width 0.1))
    (fp_line (start -0.162779 0.51) (end 0.162779 0.51) (layer B.SilkS) (width 0.12))
    (fp_line (start -0.162779 -0.51) (end 0.162779 -0.51) (layer B.SilkS) (width 0.12))
    (fp_line (start -1.48 -0.73) (end -1.48 0.73) (layer B.CrtYd) (width 0.05))
    (fp_line (start -1.48 0.73) (end 1.48 0.73) (layer B.CrtYd) (width 0.05))
    (fp_line (start 1.48 0.73) (end 1.48 -0.73) (layer B.CrtYd) (width 0.05))
    (fp_line (start 1.48 -0.73) (end -1.48 -0.73) (layer B.CrtYd) (width 0.05))
    (fp_text user %R (at 0 0 270) (layer B.Fab)
      (effects (font (size 0.4 0.4) (thickness 0.06)) (justify mirror))
    )
    (pad 1 smd roundrect (at -0.7875 0 270) (size 0.875 0.95) (layers B.Cu B.Paste B.Mask) (roundrect_rratio 0.25)
      (net 7 "Net-(C4-Pad1)"))
    (pad 2 smd roundrect (at 0.7875 0 270) (size 0.875 0.95) (layers B.Cu B.Paste B.Mask) (roundrect_rratio 0.25)
      (net 5 "Net-(C3-Pad2)"))
    (model ${KISYS3DMOD}/Capacitor_SMD.3dshapes/C_0603_1608Metric.wrl
      (at (xyz 0 0 0))
      (scale (xyz 1 1 1))
      (rotate (xyz 0 0 0))
    )
    (model "/Users/CollinHeist/Documents/Academia/AgMEQ Lab/KiCad Libraries/kicad-packages3D-5.1.4/Capacitor_SMD.3dshapes/C_0603_1608Metric.step"
      (at (xyz 0 0 0))
      (scale (xyz 1 1 1))
      (rotate (xyz 0 0 0))
    )
  )

  (module Capacitor_SMD:C_0603_1608Metric (layer B.Cu) (tedit 5B301BBE) (tstamp 5EB32FF0)
    (at 99.86518 53.50774 90)
    (descr "Capacitor SMD 0603 (1608 Metric), square (rectangular) end terminal, IPC_7351 nominal, (Body size source: http://www.tortai-tech.com/upload/download/2011102023233369053.pdf), generated with kicad-footprint-generator")
    (tags capacitor)
    (path /5E4D0D8F/5E4E7879)
    (attr smd)
    (fp_text reference C5 (at -2.50434 0.06858 90) (layer B.SilkS)
      (effects (font (size 1 1) (thickness 0.15)) (justify mirror))
    )
    (fp_text value 0.1u (at 0 -1.43 270) (layer B.Fab)
      (effects (font (size 1 1) (thickness 0.15)) (justify mirror))
    )
    (fp_line (start -0.8 -0.4) (end -0.8 0.4) (layer B.Fab) (width 0.1))
    (fp_line (start -0.8 0.4) (end 0.8 0.4) (layer B.Fab) (width 0.1))
    (fp_line (start 0.8 0.4) (end 0.8 -0.4) (layer B.Fab) (width 0.1))
    (fp_line (start 0.8 -0.4) (end -0.8 -0.4) (layer B.Fab) (width 0.1))
    (fp_line (start -0.162779 0.51) (end 0.162779 0.51) (layer B.SilkS) (width 0.12))
    (fp_line (start -0.162779 -0.51) (end 0.162779 -0.51) (layer B.SilkS) (width 0.12))
    (fp_line (start -1.48 -0.73) (end -1.48 0.73) (layer B.CrtYd) (width 0.05))
    (fp_line (start -1.48 0.73) (end 1.48 0.73) (layer B.CrtYd) (width 0.05))
    (fp_line (start 1.48 0.73) (end 1.48 -0.73) (layer B.CrtYd) (width 0.05))
    (fp_line (start 1.48 -0.73) (end -1.48 -0.73) (layer B.CrtYd) (width 0.05))
    (fp_text user %R (at 0 0 270) (layer B.Fab)
      (effects (font (size 0.4 0.4) (thickness 0.06)) (justify mirror))
    )
    (pad 1 smd roundrect (at -0.7875 0 90) (size 0.875 0.95) (layers B.Cu B.Paste B.Mask) (roundrect_rratio 0.25)
      (net 8 +5V))
    (pad 2 smd roundrect (at 0.7875 0 90) (size 0.875 0.95) (layers B.Cu B.Paste B.Mask) (roundrect_rratio 0.25)
      (net 1 GND))
    (model ${KISYS3DMOD}/Capacitor_SMD.3dshapes/C_0603_1608Metric.wrl
      (at (xyz 0 0 0))
      (scale (xyz 1 1 1))
      (rotate (xyz 0 0 0))
    )
    (model "/Users/CollinHeist/Documents/Academia/AgMEQ Lab/KiCad Libraries/kicad-packages3D-5.1.4/Capacitor_SMD.3dshapes/C_0603_1608Metric.step"
      (at (xyz 0 0 0))
      (scale (xyz 1 1 1))
      (rotate (xyz 0 0 0))
    )
  )

  (module Capacitor_SMD:C_0603_1608Metric (layer B.Cu) (tedit 5B301BBE) (tstamp 5EB33001)
    (at 98.09988 53.50764 270)
    (descr "Capacitor SMD 0603 (1608 Metric), square (rectangular) end terminal, IPC_7351 nominal, (Body size source: http://www.tortai-tech.com/upload/download/2011102023233369053.pdf), generated with kicad-footprint-generator")
    (tags capacitor)
    (path /5E4D0D8F/5E4E7843)
    (attr smd)
    (fp_text reference C6 (at 2.50444 0.01524 90) (layer B.SilkS)
      (effects (font (size 1 1) (thickness 0.15)) (justify mirror))
    )
    (fp_text value 1uF (at 0 -1.43 90) (layer B.Fab)
      (effects (font (size 1 1) (thickness 0.15)) (justify mirror))
    )
    (fp_text user %R (at 0 0 90) (layer B.Fab)
      (effects (font (size 0.4 0.4) (thickness 0.06)) (justify mirror))
    )
    (fp_line (start 1.48 -0.73) (end -1.48 -0.73) (layer B.CrtYd) (width 0.05))
    (fp_line (start 1.48 0.73) (end 1.48 -0.73) (layer B.CrtYd) (width 0.05))
    (fp_line (start -1.48 0.73) (end 1.48 0.73) (layer B.CrtYd) (width 0.05))
    (fp_line (start -1.48 -0.73) (end -1.48 0.73) (layer B.CrtYd) (width 0.05))
    (fp_line (start -0.162779 -0.51) (end 0.162779 -0.51) (layer B.SilkS) (width 0.12))
    (fp_line (start -0.162779 0.51) (end 0.162779 0.51) (layer B.SilkS) (width 0.12))
    (fp_line (start 0.8 -0.4) (end -0.8 -0.4) (layer B.Fab) (width 0.1))
    (fp_line (start 0.8 0.4) (end 0.8 -0.4) (layer B.Fab) (width 0.1))
    (fp_line (start -0.8 0.4) (end 0.8 0.4) (layer B.Fab) (width 0.1))
    (fp_line (start -0.8 -0.4) (end -0.8 0.4) (layer B.Fab) (width 0.1))
    (pad 2 smd roundrect (at 0.7875 0 270) (size 0.875 0.95) (layers B.Cu B.Paste B.Mask) (roundrect_rratio 0.25)
      (net 1 GND))
    (pad 1 smd roundrect (at -0.7875 0 270) (size 0.875 0.95) (layers B.Cu B.Paste B.Mask) (roundrect_rratio 0.25)
      (net 9 SIM_VCC))
    (model ${KISYS3DMOD}/Capacitor_SMD.3dshapes/C_0603_1608Metric.wrl
      (at (xyz 0 0 0))
      (scale (xyz 1 1 1))
      (rotate (xyz 0 0 0))
    )
    (model "/Users/CollinHeist/Documents/Academia/AgMEQ Lab/KiCad Libraries/kicad-packages3D-5.1.4/Capacitor_SMD.3dshapes/C_0603_1608Metric.step"
      (at (xyz 0 0 0))
      (scale (xyz 1 1 1))
      (rotate (xyz 0 0 0))
    )
  )

  (module Capacitor_SMD:C_0603_1608Metric (layer B.Cu) (tedit 5B301BBE) (tstamp 5EB33012)
    (at 92.0239 80.69632 90)
    (descr "Capacitor SMD 0603 (1608 Metric), square (rectangular) end terminal, IPC_7351 nominal, (Body size source: http://www.tortai-tech.com/upload/download/2011102023233369053.pdf), generated with kicad-footprint-generator")
    (tags capacitor)
    (path /5E4D0D8F/5EBB4621)
    (attr smd)
    (fp_text reference C7 (at 1.825 0.025 180) (layer B.SilkS)
      (effects (font (size 0.5 0.5) (thickness 0.1)) (justify mirror))
    )
    (fp_text value 150pF (at 0 -1.43 90) (layer B.Fab)
      (effects (font (size 1 1) (thickness 0.15)) (justify mirror))
    )
    (fp_line (start -0.8 -0.4) (end -0.8 0.4) (layer B.Fab) (width 0.1))
    (fp_line (start -0.8 0.4) (end 0.8 0.4) (layer B.Fab) (width 0.1))
    (fp_line (start 0.8 0.4) (end 0.8 -0.4) (layer B.Fab) (width 0.1))
    (fp_line (start 0.8 -0.4) (end -0.8 -0.4) (layer B.Fab) (width 0.1))
    (fp_line (start -0.162779 0.51) (end 0.162779 0.51) (layer B.SilkS) (width 0.12))
    (fp_line (start -0.162779 -0.51) (end 0.162779 -0.51) (layer B.SilkS) (width 0.12))
    (fp_line (start -1.48 -0.73) (end -1.48 0.73) (layer B.CrtYd) (width 0.05))
    (fp_line (start -1.48 0.73) (end 1.48 0.73) (layer B.CrtYd) (width 0.05))
    (fp_line (start 1.48 0.73) (end 1.48 -0.73) (layer B.CrtYd) (width 0.05))
    (fp_line (start 1.48 -0.73) (end -1.48 -0.73) (layer B.CrtYd) (width 0.05))
    (fp_text user %R (at 0 0 90) (layer B.Fab)
      (effects (font (size 0.4 0.4) (thickness 0.06)) (justify mirror))
    )
    (pad 1 smd roundrect (at -0.7875 0 90) (size 0.875 0.95) (layers B.Cu B.Paste B.Mask) (roundrect_rratio 0.25)
      (net 10 "Net-(C7-Pad1)"))
    (pad 2 smd roundrect (at 0.7875 0 90) (size 0.875 0.95) (layers B.Cu B.Paste B.Mask) (roundrect_rratio 0.25)
      (net 1 GND))
    (model ${KISYS3DMOD}/Capacitor_SMD.3dshapes/C_0603_1608Metric.wrl
      (at (xyz 0 0 0))
      (scale (xyz 1 1 1))
      (rotate (xyz 0 0 0))
    )
    (model "/Users/CollinHeist/Documents/Academia/AgMEQ Lab/KiCad Libraries/kicad-packages3D-5.1.4/Capacitor_SMD.3dshapes/C_0603_1608Metric.step"
      (at (xyz 0 0 0))
      (scale (xyz 1 1 1))
      (rotate (xyz 0 0 0))
    )
  )

  (module Capacitor_SMD:C_0603_1608Metric (layer B.Cu) (tedit 5B301BBE) (tstamp 5EB33023)
    (at 95.1239 87.42132 90)
    (descr "Capacitor SMD 0603 (1608 Metric), square (rectangular) end terminal, IPC_7351 nominal, (Body size source: http://www.tortai-tech.com/upload/download/2011102023233369053.pdf), generated with kicad-footprint-generator")
    (tags capacitor)
    (path /5E4D0D8F/5EA01BCD)
    (attr smd)
    (fp_text reference C8 (at -1.875 0) (layer B.SilkS)
      (effects (font (size 0.5 0.5) (thickness 0.1)) (justify mirror))
    )
    (fp_text value 1uF (at 0 -1.43 -90) (layer B.Fab)
      (effects (font (size 1 1) (thickness 0.15)) (justify mirror))
    )
    (fp_text user %R (at 0 0 -90) (layer B.Fab)
      (effects (font (size 0.4 0.4) (thickness 0.06)) (justify mirror))
    )
    (fp_line (start 1.48 -0.73) (end -1.48 -0.73) (layer B.CrtYd) (width 0.05))
    (fp_line (start 1.48 0.73) (end 1.48 -0.73) (layer B.CrtYd) (width 0.05))
    (fp_line (start -1.48 0.73) (end 1.48 0.73) (layer B.CrtYd) (width 0.05))
    (fp_line (start -1.48 -0.73) (end -1.48 0.73) (layer B.CrtYd) (width 0.05))
    (fp_line (start -0.162779 -0.51) (end 0.162779 -0.51) (layer B.SilkS) (width 0.12))
    (fp_line (start -0.162779 0.51) (end 0.162779 0.51) (layer B.SilkS) (width 0.12))
    (fp_line (start 0.8 -0.4) (end -0.8 -0.4) (layer B.Fab) (width 0.1))
    (fp_line (start 0.8 0.4) (end 0.8 -0.4) (layer B.Fab) (width 0.1))
    (fp_line (start -0.8 0.4) (end 0.8 0.4) (layer B.Fab) (width 0.1))
    (fp_line (start -0.8 -0.4) (end -0.8 0.4) (layer B.Fab) (width 0.1))
    (pad 2 smd roundrect (at 0.7875 0 90) (size 0.875 0.95) (layers B.Cu B.Paste B.Mask) (roundrect_rratio 0.25)
      (net 11 "Net-(C8-Pad2)"))
    (pad 1 smd roundrect (at -0.7875 0 90) (size 0.875 0.95) (layers B.Cu B.Paste B.Mask) (roundrect_rratio 0.25)
      (net 1 GND))
    (model ${KISYS3DMOD}/Capacitor_SMD.3dshapes/C_0603_1608Metric.wrl
      (at (xyz 0 0 0))
      (scale (xyz 1 1 1))
      (rotate (xyz 0 0 0))
    )
    (model "/Users/CollinHeist/Documents/Academia/AgMEQ Lab/KiCad Libraries/kicad-packages3D-5.1.4/Capacitor_SMD.3dshapes/C_0603_1608Metric.step"
      (at (xyz 0 0 0))
      (scale (xyz 1 1 1))
      (rotate (xyz 0 0 0))
    )
  )

  (module Capacitor_SMD:C_0603_1608Metric (layer B.Cu) (tedit 5B301BBE) (tstamp 5EB33034)
    (at 96.6739 87.43382 270)
    (descr "Capacitor SMD 0603 (1608 Metric), square (rectangular) end terminal, IPC_7351 nominal, (Body size source: http://www.tortai-tech.com/upload/download/2011102023233369053.pdf), generated with kicad-footprint-generator")
    (tags capacitor)
    (path /5E4D0D8F/5EA18317)
    (attr smd)
    (fp_text reference C9 (at 1.8625 0.025) (layer B.SilkS)
      (effects (font (size 0.5 0.5) (thickness 0.1)) (justify mirror))
    )
    (fp_text value 10uF (at 0 -1.43 270) (layer B.Fab)
      (effects (font (size 1 1) (thickness 0.15)) (justify mirror))
    )
    (fp_text user %R (at 0 0 270) (layer B.Fab)
      (effects (font (size 0.4 0.4) (thickness 0.06)) (justify mirror))
    )
    (fp_line (start 1.48 -0.73) (end -1.48 -0.73) (layer B.CrtYd) (width 0.05))
    (fp_line (start 1.48 0.73) (end 1.48 -0.73) (layer B.CrtYd) (width 0.05))
    (fp_line (start -1.48 0.73) (end 1.48 0.73) (layer B.CrtYd) (width 0.05))
    (fp_line (start -1.48 -0.73) (end -1.48 0.73) (layer B.CrtYd) (width 0.05))
    (fp_line (start -0.162779 -0.51) (end 0.162779 -0.51) (layer B.SilkS) (width 0.12))
    (fp_line (start -0.162779 0.51) (end 0.162779 0.51) (layer B.SilkS) (width 0.12))
    (fp_line (start 0.8 -0.4) (end -0.8 -0.4) (layer B.Fab) (width 0.1))
    (fp_line (start 0.8 0.4) (end 0.8 -0.4) (layer B.Fab) (width 0.1))
    (fp_line (start -0.8 0.4) (end 0.8 0.4) (layer B.Fab) (width 0.1))
    (fp_line (start -0.8 -0.4) (end -0.8 0.4) (layer B.Fab) (width 0.1))
    (pad 2 smd roundrect (at 0.7875 0 270) (size 0.875 0.95) (layers B.Cu B.Paste B.Mask) (roundrect_rratio 0.25)
      (net 1 GND))
    (pad 1 smd roundrect (at -0.7875 0 270) (size 0.875 0.95) (layers B.Cu B.Paste B.Mask) (roundrect_rratio 0.25)
      (net 12 +8V))
    (model ${KISYS3DMOD}/Capacitor_SMD.3dshapes/C_0603_1608Metric.wrl
      (at (xyz 0 0 0))
      (scale (xyz 1 1 1))
      (rotate (xyz 0 0 0))
    )
    (model "/Users/CollinHeist/Documents/Academia/AgMEQ Lab/KiCad Libraries/kicad-packages3D-5.1.4/Capacitor_SMD.3dshapes/C_0603_1608Metric.step"
      (at (xyz 0 0 0))
      (scale (xyz 1 1 1))
      (rotate (xyz 0 0 0))
    )
  )

  (module Capacitor_SMD:C_0603_1608Metric (layer B.Cu) (tedit 5B301BBE) (tstamp 5EB33045)
    (at 88.8239 87.42132 270)
    (descr "Capacitor SMD 0603 (1608 Metric), square (rectangular) end terminal, IPC_7351 nominal, (Body size source: http://www.tortai-tech.com/upload/download/2011102023233369053.pdf), generated with kicad-footprint-generator")
    (tags capacitor)
    (path /5E4D0D8F/5EA39D57)
    (attr smd)
    (fp_text reference C10 (at 1.875 0) (layer B.SilkS)
      (effects (font (size 0.5 0.5) (thickness 0.1)) (justify mirror))
    )
    (fp_text value 470nF (at 0 -1.43 270) (layer B.Fab)
      (effects (font (size 1 1) (thickness 0.15)) (justify mirror))
    )
    (fp_line (start -0.8 -0.4) (end -0.8 0.4) (layer B.Fab) (width 0.1))
    (fp_line (start -0.8 0.4) (end 0.8 0.4) (layer B.Fab) (width 0.1))
    (fp_line (start 0.8 0.4) (end 0.8 -0.4) (layer B.Fab) (width 0.1))
    (fp_line (start 0.8 -0.4) (end -0.8 -0.4) (layer B.Fab) (width 0.1))
    (fp_line (start -0.162779 0.51) (end 0.162779 0.51) (layer B.SilkS) (width 0.12))
    (fp_line (start -0.162779 -0.51) (end 0.162779 -0.51) (layer B.SilkS) (width 0.12))
    (fp_line (start -1.48 -0.73) (end -1.48 0.73) (layer B.CrtYd) (width 0.05))
    (fp_line (start -1.48 0.73) (end 1.48 0.73) (layer B.CrtYd) (width 0.05))
    (fp_line (start 1.48 0.73) (end 1.48 -0.73) (layer B.CrtYd) (width 0.05))
    (fp_line (start 1.48 -0.73) (end -1.48 -0.73) (layer B.CrtYd) (width 0.05))
    (fp_text user %R (at 0 0 270) (layer B.Fab)
      (effects (font (size 0.4 0.4) (thickness 0.06)) (justify mirror))
    )
    (pad 1 smd roundrect (at -0.7875 0 270) (size 0.875 0.95) (layers B.Cu B.Paste B.Mask) (roundrect_rratio 0.25)
      (net 12 +8V))
    (pad 2 smd roundrect (at 0.7875 0 270) (size 0.875 0.95) (layers B.Cu B.Paste B.Mask) (roundrect_rratio 0.25)
      (net 1 GND))
    (model ${KISYS3DMOD}/Capacitor_SMD.3dshapes/C_0603_1608Metric.wrl
      (at (xyz 0 0 0))
      (scale (xyz 1 1 1))
      (rotate (xyz 0 0 0))
    )
    (model "/Users/CollinHeist/Documents/Academia/AgMEQ Lab/KiCad Libraries/kicad-packages3D-5.1.4/Capacitor_SMD.3dshapes/C_0603_1608Metric.step"
      (at (xyz 0 0 0))
      (scale (xyz 1 1 1))
      (rotate (xyz 0 0 0))
    )
  )

  (module Team-FIRE:EEEFK1H390SV (layer F.Cu) (tedit 0) (tstamp 5EB33076)
    (at 95.9989 76.34632 180)
    (descr EEE-FK1H390SV-5)
    (tags "Capacitor Polarised")
    (path /5E4D0D8F/5EAA6D91)
    (attr smd)
    (fp_text reference C11 (at 2.15 5.575) (layer F.SilkS)
      (effects (font (size 1.27 1.27) (thickness 0.254)))
    )
    (fp_text value 39uF (at 0 0.425) (layer F.SilkS) hide
      (effects (font (size 1.27 1.27) (thickness 0.254)))
    )
    (fp_arc (start -0.05 5) (end -0.1 5) (angle -180) (layer F.SilkS) (width 0.2))
    (fp_arc (start -0.05 5) (end 0 5) (angle -180) (layer F.SilkS) (width 0.2))
    (fp_arc (start -0.05 5) (end -0.1 5) (angle -180) (layer F.SilkS) (width 0.2))
    (fp_line (start -0.1 5) (end -0.1 5) (layer F.SilkS) (width 0.2))
    (fp_line (start 0 5) (end 0 5) (layer F.SilkS) (width 0.2))
    (fp_line (start -0.1 5) (end -0.1 5) (layer F.SilkS) (width 0.2))
    (fp_line (start -4.3 6.05) (end -4.3 -5.2) (layer F.CrtYd) (width 0.1))
    (fp_line (start 4.3 6.05) (end -4.3 6.05) (layer F.CrtYd) (width 0.1))
    (fp_line (start 4.3 -5.2) (end 4.3 6.05) (layer F.CrtYd) (width 0.1))
    (fp_line (start -4.3 -5.2) (end 4.3 -5.2) (layer F.CrtYd) (width 0.1))
